0.000287, 0.472790
0.915731, 0.870471
0.878705, 0.801108
0.235027, 0.182528
0.531884, 0.284172
0.851486, 0.129688
0.048858, 0.478148
0.630694, 0.001206
0.938972, 0.118224
0.893856, 0.803960
0.117774, 0.606217
0.619023, 0.666569
0.671246, 0.788221
0.897213, 0.103854
0.163961, 0.725424
0.534031, 0.469781
0.506829, 0.411206
0.937426, 0.177006
0.650021, 0.637658
0.682208, 0.511146
0.616728, 0.464636
0.391939, 0.117895
0.643355, 0.994479
0.828845, 0.491128
0.441788, 0.405521
0.332347, 0.040100
0.849363, 0.447509
0.996862, 0.563867
0.382142, 0.852066
0.229478, 0.211072
0.457149, 0.361319
0.578139, 0.253191
0.299164, 0.327810
0.970967, 0.249397
0.797723, 0.088825
0.757338, 0.431134
0.829927, 0.568265
0.191339, 0.384560
0.814707, 0.809174
0.248237, 0.358951
0.514152, 0.390062
0.914581, 0.779216
0.347535, 0.928137
0.342556, 0.790634
0.733660, 0.122585
0.509227, 0.913949
0.227155, 0.041001
0.271284, 0.138928
0.464330, 0.602119
0.955929, 0.034541
0.184237, 0.457954
0.878509, 0.703846
0.840548, 0.728482
0.427541, 0.661740
0.569873, 0.291983
0.607744, 0.963683
0.532161, 0.584175
0.181695, 0.163520
0.888779, 0.109260
0.800758, 0.928535
0.933931, 0.116013
0.765878, 0.389852
0.145001, 0.142032
0.308901, 0.556313
0.167488, 0.379275
0.535011, 0.369964
0.000116, 0.064015
0.416936, 0.231258
0.895782, 0.344336
0.481528, 0.072115
0.743936, 0.328283
0.079361, 0.304957
0.950038, 0.265815
0.377953, 0.225850
0.077711, 0.067658
0.469245, 0.699860
0.769208, 0.614211
0.231977, 0.206774
0.709832, 0.557601
0.839550, 0.575292
0.651923, 0.570044
0.054040, 0.983816
0.764035, 0.241603
0.696960, 0.055974
0.820947, 0.080498
0.937406, 0.128990
0.000103, 0.319075
0.288212, 0.023033
0.300134, 0.478561
0.450740, 0.889666
0.847069, 0.895740
0.398923, 0.967523
0.603872, 0.664663
0.343191, 0.323335
0.248919, 0.696522
0.464915, 0.906436
0.239047, 0.850818
0.561965, 0.494870
0.322798, 0.340937
0.996047, 0.361220
0.019486, 0.867268
0.582406, 0.736296
0.829708, 0.180984
0.312543, 0.398794
0.192920, 0.031617
0.050572, 0.969057
0.457717, 0.701537
0.593818, 0.735065
0.380428, 0.580480
0.738316, 0.088776
0.917657, 0.483232
0.239805, 0.900942
0.328395, 0.663614
0.810862, 0.412525
0.851329, 0.727862
0.544788, 0.470849
0.472966, 0.900566
0.406884, 0.188590
0.552209, 0.346262
0.683727, 0.353750
0.316996, 0.499813
0.531084, 0.168734
0.498645, 0.608707
0.011084, 0.146652
0.619505, 0.940397
0.259269, 0.242967
0.699566, 0.357796
0.672156, 0.550630
0.397630, 0.216072
0.255930, 0.136807
0.852682, 0.783847
0.526899, 0.849340
0.741080, 0.641942
0.604323, 0.171051
0.315188, 0.762785
0.386259, 0.450033
0.439086, 0.223601
0.949040, 0.084034
0.886967, 0.756532
0.560999, 0.487072
0.419859, 0.588775
0.951094, 0.916400
0.406293, 0.275902
0.723026, 0.487947
0.002537, 0.481461
0.055496, 0.958365
0.158033, 0.905988
0.079220, 0.101794
0.961644, 0.818569
0.571328, 0.759485
0.094354, 0.894052
0.857763, 0.890402
0.404038, 0.309063
0.064327, 0.200918
0.867922, 0.299919
0.106967, 0.181741
0.458369, 0.635599
0.061962, 0.630193
0.677607, 0.708864
0.806601, 0.985965
0.777028, 0.198671
0.071008, 0.058473
0.926684, 0.507004
0.291717, 0.973938
0.850601, 0.423243
0.907631, 0.420323
0.693540, 0.719192
0.988986, 0.518243
0.134826, 0.627900
0.339959, 0.895974
0.014875, 0.409400
0.465517, 0.796699
0.990040, 0.456480
0.043165, 0.296090
0.981404, 0.643619
0.790189, 0.958380
0.433137, 0.872218
0.867043, 0.509031
0.646061, 0.015240
0.207482, 0.352126
0.702019, 0.714389
0.416088, 0.010621
0.744704, 0.732954
0.123799, 0.817562
0.632548, 0.817443
0.942072, 0.436414
0.229315, 0.271133
0.406300, 0.038611
0.848003, 0.692652
0.549122, 0.216459
0.613704, 0.582731
0.994226, 0.959513
0.761028, 0.772246
0.711300, 0.272562
0.131716, 0.874666
0.822729, 0.263335
0.388090, 0.216053
0.102682, 0.778059
0.707928, 0.945714
0.059200, 0.912995
0.976428, 0.280646
0.739930, 0.980075
0.740855, 0.086900
0.652097, 0.754768
0.443511, 0.250977
0.437378, 0.084292
0.698654, 0.544390
0.192272, 0.184310
0.628985, 0.934519
0.574606, 0.202217
0.527327, 0.544876
0.086801, 0.875168
0.359131, 0.717909
0.176517, 0.360943
0.871421, 0.883474
0.045311, 0.569799
0.323815, 0.186088
0.305920, 0.575418
0.107236, 0.074108
0.878809, 0.933083
0.765945, 0.303939
0.768601, 0.983209
0.188524, 0.062407
0.611009, 0.468342
0.983420, 0.160430
0.130909, 0.041770
0.304694, 0.501090
0.902161, 0.495851
0.643584, 0.275255
0.049827, 0.788203
0.351516, 0.587859
0.785378, 0.193859
0.910182, 0.467973
0.915555, 0.161530
0.214321, 0.465790
0.715466, 0.702098
0.382810, 0.289649
0.806586, 0.387452
0.863708, 0.186223
0.930249, 0.287806
0.848869, 0.016995
0.757285, 0.425620
0.263745, 0.234153
0.124402, 0.574239
0.848018, 0.209013
0.337966, 0.479396
0.092670, 0.616120
0.435775, 0.831683
0.049128, 0.826129
0.547472, 0.568124
0.276100, 0.510602
0.744220, 0.330977
0.439736, 0.911842
0.018251, 0.161890
0.332729, 0.480899
0.282926, 0.759524
0.327993, 0.836857
0.533934, 0.878791
0.532531, 0.250534
0.562240, 0.699807
0.157124, 0.105731
0.859418, 0.244702
0.867468, 0.041134
0.605997, 0.170405
0.132377, 0.726012
0.883435, 0.515535
0.834688, 0.472826
0.500351, 0.229510
0.660477, 0.139878
0.073640, 0.562015
0.032230, 0.027126
0.255099, 0.640941
0.601578, 0.718281
0.244183, 0.816934
0.567229, 0.072329
0.977514, 0.602659
0.333720, 0.817583
0.635787, 0.284926
0.276616, 0.451401
0.358667, 0.537785
0.629777, 0.398700
0.308331, 0.614727
0.760322, 0.632371
0.472261, 0.948113
0.346913, 0.208744
0.845923, 0.233945
0.226983, 0.421215
0.885954, 0.330129
0.928536, 0.525159
0.374479, 0.546322
0.152141, 0.237256
0.085191, 0.153522
0.718748, 0.462365
0.891806, 0.191499
0.748948, 0.951048
0.209532, 0.902205
0.089302, 0.840897
0.910172, 0.367286
0.251368, 0.284767
0.101478, 0.177825
0.379050, 0.619049
0.411392, 0.214425
0.009883, 0.775107
0.667798, 0.865783
0.645902, 0.887008
0.114400, 0.263855
0.399694, 0.298662
0.553362, 0.363749
0.231276, 0.423501
0.055331, 0.946477
0.541421, 0.159825
0.127465, 0.872674
0.137050, 0.814933
0.480097, 0.165424
0.834315, 0.741174
0.782656, 0.750311
0.215017, 0.137028
0.049468, 0.930822
0.301951, 0.716363
0.546068, 0.927226
0.168838, 0.198969
0.356645, 0.057057
0.750438, 0.825514
0.003242, 0.385317
0.368496, 0.350039
0.757343, 0.922541
0.739120, 0.213108
0.534462, 0.698827
0.477245, 0.848761
0.512368, 0.291978
0.363777, 0.328372
0.863574, 0.637862
0.891069, 0.794542
0.242693, 0.201129
0.852332, 0.388173
0.919322, 0.834404
0.990630, 0.621809
0.697039, 0.904078
0.973052, 0.402409
0.009173, 0.510829
0.205725, 0.156651
0.831950, 0.882996
0.255251, 0.761898
0.305645, 0.270922
0.892236, 0.235961
0.204373, 0.920410
0.022493, 0.388768
0.645134, 0.953392
0.021585, 0.889077
0.676738, 0.233965
0.238297, 0.449350
0.639245, 0.547887
0.682688, 0.081920
0.434532, 0.673692
0.164337, 0.629566
0.098620, 0.173513
0.396405, 0.023635
0.316381, 0.981773
0.831148, 0.972822
0.769261, 0.119843
0.242496, 0.035737
0.456624, 0.114806
0.321328, 0.280396
0.381365, 0.950442
0.799072, 0.983742
0.240396, 0.628572
0.865241, 0.074333
0.010648, 0.668873
0.894550, 0.271317
0.571201, 0.125298
0.749220, 0.122829
0.752173, 0.947220
0.172105, 0.396915
0.450994, 0.763427
0.036269, 0.528129
0.706683, 0.417099
0.466624, 0.072917
0.872760, 0.829879
0.099271, 0.376912
0.279420, 0.023176
0.994158, 0.907274
0.025585, 0.374819
0.966685, 0.953184
0.791463, 0.439182
0.353876, 0.647644
0.812244, 0.908922
0.480751, 0.513669
0.403550, 0.546429
0.342517, 0.988038
0.679271, 0.163140
0.268197, 0.625697
0.352407, 0.974823
0.581344, 0.937957
0.759542, 0.910965
0.523436, 0.067599
0.499578, 0.706385
0.955599, 0.754031
0.327350, 0.853198
0.604274, 0.291594
0.192752, 0.741261
0.866452, 0.434166
0.565987, 0.565212
0.440109, 0.449180
0.439590, 0.826241
0.295457, 0.774177
0.647817, 0.506716
0.752640, 0.979026
0.394056, 0.245775
0.681504, 0.986934
0.126859, 0.094027
0.089062, 0.757364
0.155242, 0.675483
0.610274, 0.884000
0.643860, 0.834829
0.667778, 0.810874
0.878698, 0.098181
0.316189, 0.619775
0.943881, 0.525442
0.036595, 0.592081
0.200259, 0.782386
0.996868, 0.998129
0.206365, 0.510587
0.543430, 0.817242
0.972376, 0.323337
0.940078, 0.341553
0.687723, 0.005651
0.619514, 0.866738
0.312939, 0.746512
0.463189, 0.922792
0.676409, 0.481454
0.875094, 0.747964
0.966611, 0.673638
0.665125, 0.958987
0.760500, 0.111513
0.007635, 0.620718
0.978649, 0.551214
0.990818, 0.168318
0.407769, 0.281808
0.522526, 0.885097
0.681240, 0.941519
0.608165, 0.889144
0.858272, 0.163050
0.266281, 0.831880
0.992325, 0.876134
0.597473, 0.761641
0.329416, 0.345442
0.772242, 0.855427
0.026925, 0.271954
0.953418, 0.971945
0.533544, 0.535949
0.418782, 0.229061
0.020975, 0.409704
0.399500, 0.058792
0.508013, 0.318060
0.400012, 0.442965
0.567645, 0.474955
0.014987, 0.282660
0.757768, 0.974060
0.508977, 0.104572
0.166176, 0.161642
0.674380, 0.557407
0.710424, 0.369785
0.733366, 0.401451
0.083201, 0.338075
0.299357, 0.944414
0.483840, 0.901898
0.663712, 0.126703
0.526577, 0.775458
0.923229, 0.709223
0.966203, 0.507649
0.714094, 0.266848
0.131713, 0.938904
0.567895, 0.940681
0.208600, 0.737142
0.155341, 0.152220
0.760396, 0.840949
0.933292, 0.732577
0.130102, 0.888102
0.960739, 0.169850
0.612123, 0.957572
0.899352, 0.927787
0.535336, 0.203136
0.464227, 0.038865
0.647922, 0.206704
0.840450, 0.424909
0.444569, 0.129505
0.831105, 0.648373
0.326691, 0.989248
0.752361, 0.047410
0.736280, 0.641385
0.341238, 0.457857
0.654014, 0.292597
0.191713, 0.975260
0.102245, 0.624635
0.484755, 0.460062
0.543499, 0.856641
0.027939, 0.739079
0.315109, 0.324062
0.870253, 0.706391
0.490601, 0.402294
0.007728, 0.776773
0.808468, 0.853183
0.945505, 0.394789
0.558950, 0.922498
0.131984, 0.552676
0.569446, 0.766500
0.530657, 0.520140
0.679183, 0.035749
0.845272, 0.239192
0.343771, 0.694254
0.163934, 0.087152
0.260266, 0.402105
0.037779, 0.960933
0.153358, 0.039699
0.259843, 0.885752
0.113329, 0.201705
0.859757, 0.601363
0.126383, 0.738866
0.079876, 0.828974
0.687989, 0.675786
0.348487, 0.171935
0.639860, 0.082823
0.515712, 0.853351
0.621181, 0.730196
0.867726, 0.743733
0.774725, 0.602451
0.684923, 0.381806
0.598482, 0.601408
0.359658, 0.941616
0.083409, 0.015699
0.339173, 0.349041
0.527947, 0.585041
0.409354, 0.000852
0.669918, 0.237357
0.084926, 0.789427
0.026429, 0.826872
0.121720, 0.386264
0.582410, 0.451318
0.416643, 0.987398
0.218411, 0.176353
0.810952, 0.973869
0.518275, 0.245344
0.562492, 0.190340
0.847333, 0.102623
0.502488, 0.795018
0.841712, 0.808335
0.142545, 0.883979
0.699422, 0.673029
0.247462, 0.343037
0.913806, 0.190088
0.639487, 0.630275
0.340017, 0.594140
0.249656, 0.442368
0.735109, 0.623570
0.681813, 0.467813
0.162402, 0.315259
0.804957, 0.680209
0.900716, 0.909677
0.139536, 0.874691
0.749127, 0.194445
0.053304, 0.400656
0.867842, 0.864506
0.032386, 0.293910
0.545842, 0.727021
0.543147, 0.261342
0.535904, 0.829115
0.250518, 0.221270
0.847626, 0.836597
0.608394, 0.352576
0.139095, 0.241791
0.087712, 0.855753
0.097807, 0.228581
0.557870, 0.878990
0.451465, 0.272818
0.587075, 0.312422
0.499299, 0.806196
0.677269, 0.403673
0.304499, 0.521737
0.699247, 0.397804
0.938426, 0.148995
0.043602, 0.654813
0.417192, 0.777118
0.253103, 0.947786
0.221251, 0.053879
0.152156, 0.894843
0.538630, 0.838819
0.738955, 0.728001
0.622404, 0.138608
0.355947, 0.852071
0.903068, 0.402759
0.904256, 0.896723
0.746409, 0.507823
0.117667, 0.214834
0.997508, 0.008178
0.161806, 0.030257
0.701513, 0.481554
0.074144, 0.688126
0.641776, 0.047402
0.810448, 0.710825
0.586016, 0.386243
0.913293, 0.612746
0.381101, 0.838116
0.068279, 0.676963
0.287097, 0.408255
0.063566, 0.146939
0.191193, 0.758120
0.918349, 0.536407
0.592141, 0.509896
0.195910, 0.010531
0.495820, 0.442602
0.766863, 0.041486
0.612569, 0.407924
0.538217, 0.791576
0.496890, 0.043900
0.913887, 0.927013
0.520168, 0.614574
0.002277, 0.815491
0.817023, 0.553768
0.836551, 0.310671
0.595914, 0.541062
0.123234, 0.576702
0.454634, 0.188143
0.284749, 0.655912
0.591305, 0.663611
0.811535, 0.732781
0.051510, 0.834409
0.189346, 0.297338
0.402186, 0.751960
0.917387, 0.661086
0.472888, 0.561165
0.382878, 0.528600
0.055078, 0.160380
0.607707, 0.577906
0.700031, 0.190487
0.132759, 0.252784
0.006008, 0.181195
0.555579, 0.220097
0.035310, 0.932696
0.486977, 0.195301
0.751835, 0.460791
0.942201, 0.089225
0.619778, 0.083624
0.432307, 0.679282
0.754078, 0.478137
0.271346, 0.258206
0.263253, 0.784379
0.865005, 0.963464
0.675244, 0.085795
0.996307, 0.740446
0.586890, 0.843610
0.374016, 0.142582
0.927659, 0.113442
0.959357, 0.421485
0.478265, 0.622272
0.836678, 0.610264
0.534792, 0.033881
0.643697, 0.553131
0.858949, 0.980896
0.826921, 0.084412
0.305087, 0.691558
0.237912, 0.810107
0.764590, 0.289348
0.835974, 0.195104
0.318287, 0.093578
0.512925, 0.909190
0.737486, 0.499099
0.305564, 0.634975
0.724268, 0.263220
0.511447, 0.790849
0.531667, 0.277991
0.473624, 0.872113
0.854359, 0.155953
0.049931, 0.363388
0.130474, 0.207499
0.032492, 0.425449
0.645178, 0.637952
0.033028, 0.809588
0.076632, 0.042502
0.599619, 0.702647
0.374956, 0.527113
0.580536, 0.455841
0.114833, 0.033541
0.000765, 0.400492
0.712364, 0.696568
0.966855, 0.203801
0.146812, 0.311594
0.365708, 0.467787
0.077846, 0.240703
0.372942, 0.524516
0.498927, 0.335333
0.036446, 0.630737
0.317443, 0.703671
0.450760, 0.015070
0.502234, 0.400896
0.287898, 0.480843
0.689121, 0.370408
0.700236, 0.517730
0.385067, 0.214148
0.861109, 0.125293
0.161601, 0.620152
0.658710, 0.801576
0.478117, 0.525450
0.308952, 0.399850
0.025688, 0.342452
0.902889, 0.806653
0.732009, 0.826923
0.154334, 0.644246
0.818097, 0.415692
0.863302, 0.450603
0.547378, 0.112212
0.860894, 0.040070
0.557780, 0.248098
0.451252, 0.997809
0.917453, 0.698757
0.616210, 0.511159
0.294757, 0.381261
0.498267, 0.991035
0.883127, 0.112553
0.927502, 0.186490
0.971445, 0.156147
0.008059, 0.745569
0.300545, 0.035417
0.029833, 0.425571
0.596481, 0.441617
0.220970, 0.405859
0.921171, 0.314756
0.106815, 0.406327
0.731055, 0.425440
0.490930, 0.564658
0.784376, 0.035830
0.323808, 0.275497
0.287735, 0.467810
0.974907, 0.444662
0.922511, 0.656520
0.673628, 0.861521
0.641800, 0.017358
0.134864, 0.642653
0.378485, 0.204590
0.634746, 0.949930
0.055060, 0.589675
0.052207, 0.436135
0.535844, 0.537457
0.641994, 0.121241
0.412193, 0.808320
0.554744, 0.652481
0.761351, 0.664453
0.369767, 0.151340
0.269564, 0.508339
0.156133, 0.100569
0.360062, 0.131594
0.827725, 0.974380
0.216564, 0.902283
0.807838, 0.564923
0.842904, 0.468841
0.268998, 0.208170
0.549427, 0.808718
0.463581, 0.362355
0.506754, 0.699871
0.910889, 0.242062
0.257566, 0.943245
0.456294, 0.461108
0.327015, 0.914339
0.468075, 0.887344
0.322397, 0.272014
0.687577, 0.162490
0.162700, 0.902644
0.498313, 0.590133
0.328670, 0.427742
0.629644, 0.345020
0.274003, 0.853196
0.560642, 0.206760
0.388296, 0.188223
0.139783, 0.271067
0.152381, 0.112180
0.186083, 0.341667
0.376671, 0.017349
0.087303, 0.955992
0.663131, 0.005824
0.660848, 0.247793
0.481512, 0.668625
0.792992, 0.099785
0.500469, 0.725163
0.622040, 0.289466
0.064180, 0.851182
0.281068, 0.581210
0.955107, 0.273302
0.465854, 0.967794
0.833508, 0.958293
0.343631, 0.514443
0.994333, 0.475189
0.568284, 0.508556
0.332130, 0.858392
0.417619, 0.868212
0.654585, 0.049871
0.318325, 0.012592
0.735313, 0.748586
0.274259, 0.647441
0.746537, 0.745269
0.963674, 0.168693
0.962276, 0.070673
0.521020, 0.637387
0.872666, 0.535436
0.268936, 0.528992
0.100029, 0.489655
0.916067, 0.710281
0.757340, 0.880328
0.986325, 0.346856
0.139691, 0.934757
0.495216, 0.694473
0.889392, 0.048066
0.138869, 0.977275
0.025327, 0.702938
0.511382, 0.806067
0.477198, 0.499705
0.116111, 0.839753
0.015270, 0.624913
0.186537, 0.643065
0.716255, 0.336495
0.582315, 0.943700
0.355950, 0.293663
0.276160, 0.742004
0.369260, 0.809653
0.197164, 0.976318
0.268226, 0.355452
0.446193, 0.697104
0.658688, 0.892621
0.148971, 0.952999
0.246209, 0.863346
0.462492, 0.841899
0.471871, 0.915839
0.500373, 0.430210
0.668594, 0.693223
0.192779, 0.493386
0.878574, 0.264005
0.346542, 0.280886
0.722487, 0.022293
0.421100, 0.758661
0.961073, 0.135845
0.785885, 0.032317
0.639730, 0.870112
0.474773, 0.904059
0.956737, 0.366373
0.703243, 0.766546
0.245736, 0.702099
0.663843, 0.286798
0.713101, 0.311665
0.365604, 0.583252
0.820810, 0.095548
0.533034, 0.849118
0.455449, 0.796115
0.830295, 0.625145
0.273980, 0.468148
0.926207, 0.174923
0.866887, 0.122209
0.165694, 0.665855
0.629328, 0.868996
0.863305, 0.108916
0.480925, 0.142785
0.484427, 0.260323
0.824812, 0.832113
0.229815, 0.938248
0.386556, 0.395801
0.789075, 0.457692
0.823600, 0.292460
0.278712, 0.136652
0.245829, 0.301600
0.630375, 0.076697
0.037896, 0.564455
0.944921, 0.671088
0.623932, 0.422677
0.577925, 0.543557
0.065264, 0.382986
0.972263, 0.870880
0.631767, 0.785942
0.503385, 0.292362
0.737465, 0.006927
0.852913, 0.859360
0.881030, 0.267489
0.676181, 0.727969
0.481776, 0.385156
0.579349, 0.548004
0.751791, 0.039858
0.671709, 0.751388
0.994825, 0.385068
0.208810, 0.193080
0.972565, 0.081803
0.092037, 0.847674
0.228913, 0.083593
0.240245, 0.514780
0.512898, 0.750557
0.099107, 0.736321
0.690849, 0.120708
0.803767, 0.378869
0.788443, 0.416598
0.760443, 0.584146
0.053272, 0.115457
0.662607, 0.040816
0.178533, 0.160914
0.207348, 0.780686
0.078483, 0.144464
0.027568, 0.952446
0.856267, 0.534769
0.605611, 0.276083
0.854770, 0.282949
0.183975, 0.131071
0.931083, 0.381967
0.938708, 0.481482
0.345241, 0.208244
0.931132, 0.091135
0.903837, 0.723622
0.603507, 0.731912
0.249146, 0.865808
0.834271, 0.338355
0.434382, 0.705418
0.818470, 0.311686
0.175710, 0.197745
0.289010, 0.426360
0.421646, 0.607380
0.844357, 0.042285
0.130458, 0.933814
0.398301, 0.575831
0.396209, 0.916134
0.017426, 0.432751
0.314046, 0.444951
0.661887, 0.856145
0.225383, 0.459678
0.595143, 0.392580
0.233585, 0.659282
0.478253, 0.929512
0.130788, 0.604644
0.414376, 0.507108
0.126474, 0.040638
0.459080, 0.357618
0.018432, 0.516066
0.362106, 0.875404
0.696724, 0.629571
0.556198, 0.470764
0.121288, 0.479644
0.658627, 0.510662
0.163791, 0.146869
0.001038, 0.799508
0.954373, 0.286509
0.953246, 0.303089
0.623896, 0.159575
0.056589, 0.068804
0.582325, 0.680492
0.232493, 0.545297
0.723864, 0.309497
0.581845, 0.754644
0.199481, 0.867884
0.540818, 0.020194
0.647440, 0.604229
0.408763, 0.203200
0.022458, 0.089710
0.513798, 0.651372
0.414129, 0.770663
0.531715, 0.312459
0.495227, 0.256484
0.723837, 0.716002
0.490516, 0.671007
0.109440, 0.776372
0.806694, 0.645485
0.838372, 0.620223
0.714096, 0.781299
0.279497, 0.891486
0.720776, 0.660515
0.590575, 0.237028
0.529603, 0.732422
0.785221, 0.926092
0.718983, 0.654168
0.562555, 0.806662
0.537840, 0.913623
0.415172, 0.051860
0.455489, 0.812596
0.781062, 0.399508
0.357003, 0.138525
0.255092, 0.837983
0.524720, 0.102773
0.125691, 0.941479
0.796511, 0.373646
0.752354, 0.307817
0.541423, 0.282263
0.549585, 0.801909
0.343336, 0.529409
0.592920, 0.558020
0.533248, 0.971480
0.112636, 0.943940
0.960827, 0.313664
0.390789, 0.940195
0.645828, 0.788463
0.827190, 0.637420
0.200042, 0.147701
0.189956, 0.805029
0.160354, 0.546132
0.316251, 0.734287
0.623575, 0.144766
0.778858, 0.808934
0.823653, 0.512059
0.284181, 0.506462
0.541884, 0.151073
0.817333, 0.783188
0.490768, 0.730734
0.799906, 0.046239
0.062116, 0.849326
0.776071, 0.165575
0.080038, 0.408328
0.392618, 0.229177
0.449443, 0.924731
0.688568, 0.994526
0.840670, 0.359959
0.959979, 0.239490
0.800879, 0.293511
0.715576, 0.465760
0.932822, 0.519460
0.488821, 0.657938
0.031620, 0.393923
0.522060, 0.051424
0.320181, 0.511641
0.588355, 0.112214
0.173863, 0.539774
0.466649, 0.181734
0.975037, 0.287059
0.835867, 0.489842
0.988139, 0.336436
0.603590, 0.489116
0.395869, 0.819280
0.934927, 0.713559
0.887139, 0.159360
0.497201, 0.614843
0.437412, 0.864645
0.686089, 0.079213
0.172042, 0.695094
0.848823, 0.578184
0.453247, 0.784538
0.770096, 0.156150
0.581346, 0.544799
0.936276, 0.708035
0.750870, 0.430150
0.343580, 0.250103
0.152192, 0.890262
0.865807, 0.137065
0.359275, 0.089744
0.447271, 0.428588
0.394195, 0.222414
0.636550, 0.858357
0.109030, 0.498421
0.226691, 0.108789
0.775771, 0.132343
0.017473, 0.344546
0.024856, 0.910387
0.965368, 0.207952
0.522967, 0.164814
0.236833, 0.729460
0.030706, 0.233718
0.930530, 0.856275
0.730784, 0.734280
0.484132, 0.552265
0.967340, 0.227625
0.031313, 0.672297
0.787013, 0.103401
0.224566, 0.064098
0.922407, 0.762218
0.289462, 0.600791
0.108555, 0.424055
0.325981, 0.097213
0.873020, 0.140775
0.122537, 0.313153
0.190255, 0.840861
0.998324, 0.496623
0.640838, 0.484508
0.439611, 0.170295
0.966227, 0.657188
0.545599, 0.114233
0.159638, 0.179822
0.549480, 0.748030
0.483684, 0.563673
0.930316, 0.365490
0.055399, 0.388091
0.881359, 0.924970
0.889265, 0.929239
0.150447, 0.348517
0.538877, 0.617914
0.518090, 0.532911
0.727863, 0.154604
0.428880, 0.525756
0.610685, 0.359886
0.541845, 0.569727
0.553954, 0.088306
0.215370, 0.968110
0.578869, 0.783861
0.192324, 0.974758
0.855424, 0.505209
0.000992, 0.161580
0.888988, 0.498722
0.837465, 0.966702
0.289899, 0.647527
0.945095, 0.376409
0.266690, 0.374641
0.756644, 0.944007
0.233570, 0.828333
0.314756, 0.598721
0.172792, 0.427846
0.736375, 0.947759
0.642525, 0.097580
0.736731, 0.024663
0.570860, 0.767891
0.478521, 0.687074
0.226574, 0.970611
0.261912, 0.117042
0.007280, 0.607416
0.820988, 0.126988
0.935578, 0.219180
0.242273, 0.224470
0.003845, 0.334417
0.770935, 0.638849
0.758279, 0.724964
0.020331, 0.763004
0.762828, 0.647007
0.350474, 0.713206
0.833625, 0.395582
0.431094, 0.960283
0.184559, 0.750686
0.254874, 0.235200
0.874599, 0.143106
0.116518, 0.162173
0.197507, 0.618104
0.323262, 0.322455
0.904550, 0.925080
0.652454, 0.701904
0.400857, 0.311330
0.821830, 0.725469
0.306018, 0.848036
0.488110, 0.331714
0.019585, 0.366611
0.539537, 0.790505
0.182062, 0.333508
0.697994, 0.216987
0.172042, 0.241645
0.696308, 0.984978
0.030091, 0.346546
0.546377, 0.492896
0.450025, 0.825341
0.663743, 0.985352
0.728187, 0.686737
0.864238, 0.383539
0.811361, 0.010091
0.498317, 0.327524
0.833941, 0.341715
0.238723, 0.883587
0.784984, 0.326526
0.287083, 0.619720
0.195773, 0.903179
0.015093, 0.002417
0.988509, 0.640792
0.305876, 0.317880
0.876764, 0.045410
0.111182, 0.570759
0.958315, 0.914309
0.990016, 0.063557
0.390986, 0.066284
0.644348, 0.609830
0.292123, 0.026037
0.717511, 0.584297
0.252326, 0.490790
0.370924, 0.262983
0.104068, 0.657247
0.404760, 0.156539
0.835816, 0.737042
0.938176, 0.289839
0.792286, 0.238778
0.914755, 0.631000
0.551461, 0.844800
0.948751, 0.122934
0.118985, 0.960812
0.277788, 0.020569
0.330569, 0.266481
0.837633, 0.486857
0.603028, 0.845131
0.724650, 0.650694
0.424576, 0.720676
0.561595, 0.579888
0.225006, 0.879890
0.532336, 0.872276
0.516375, 0.108168
0.101155, 0.818145
0.444822, 0.216877
0.682246, 0.337058
0.144146, 0.490443
0.775025, 0.142221
0.531765, 0.431281
0.330893, 0.835516
0.437683, 0.130710
0.367065, 0.886322
0.207089, 0.843960
0.093100, 0.697248
0.167219, 0.597414
0.065740, 0.209912
0.599092, 0.906200
0.137708, 0.753870
0.104761, 0.930253
0.216066, 0.091852
0.510694, 0.646988
0.095776, 0.864398
0.697911, 0.868692
0.884072, 0.887041
0.999512, 0.182773
0.781287, 0.003147
0.056200, 0.142981
0.233745, 0.445555
0.270445, 0.289734
0.724348, 0.910117
0.249910, 0.827669
0.716488, 0.794290
0.880746, 0.038544
0.516896, 0.303883
0.921408, 0.757618
0.073071, 0.381100
0.257600, 0.491635
0.970897, 0.656990
0.208972, 0.006525
0.148085, 0.881442
0.528208, 0.462967
0.089055, 0.533840
0.983117, 0.427928
0.516895, 0.567510
0.662358, 0.340291
0.848010, 0.491081
0.395425, 0.258730
0.925094, 0.239882
0.927510, 0.969915
0.794045, 0.540505
0.739876, 0.785211
0.540454, 0.721657
0.656367, 0.603968
0.451285, 0.174429
0.626668, 0.071543
0.017380, 0.915097
0.326958, 0.910170
0.542404, 0.953594
0.468556, 0.750809
0.373865, 0.420767
0.955216, 0.044094
0.021825, 0.657550
0.279670, 0.878513
0.680939, 0.719175
0.800054, 0.783932
0.921427, 0.997548
0.786848, 0.848601
0.564628, 0.914915
0.380944, 0.727761
0.008743, 0.891935
0.853467, 0.371975
0.520401, 0.043305
0.807994, 0.553312
0.257667, 0.304036
0.215764, 0.517508
0.040127, 0.939529
0.424531, 0.340228
0.131657, 0.642554
0.531671, 0.815557
0.551527, 0.670278
0.762172, 0.954837
0.679436, 0.724452
0.742136, 0.423986
0.170128, 0.527889
0.808406, 0.497415
0.443196, 0.300352
0.744959, 0.356674
0.263714, 0.586987
0.586674, 0.811948
0.179303, 0.142417
0.381114, 0.774533
0.829280, 0.823625
0.048941, 0.058406
0.391495, 0.694751
0.733582, 0.339028
0.682488, 0.796926
0.280783, 0.347500
0.676594, 0.286280
0.738672, 0.628186
0.459616, 0.893221
0.018955, 0.437952
0.882698, 0.906150
0.109859, 0.615115
0.432012, 0.132692
0.481477, 0.496260
0.079893, 0.541613
0.574103, 0.209020
0.133049, 0.538511
0.510209, 0.918965
0.343454, 0.078423
0.420681, 0.858717
0.797577, 0.068481
0.025930, 0.217412
0.349545, 0.763719
0.362518, 0.218649
0.613877, 0.109179
0.795914, 0.965023
0.783424, 0.231423
0.710009, 0.877403
0.788112, 0.532593
0.514011, 0.807053
0.560148, 0.090125
0.857352, 0.148726
0.421281, 0.315264
0.193223, 0.532866
0.857773, 0.073478
0.081373, 0.925036
0.198675, 0.719927
0.870783, 0.210693
0.963060, 0.753085
0.652857, 0.593444
0.891824, 0.039653
0.625735, 0.384901
0.929676, 0.813892
0.260374, 0.014265
0.672957, 0.904487
0.909007, 0.335758
0.048898, 0.892079
0.746608, 0.562035
0.241951, 0.150588
0.185995, 0.401697
0.132816, 0.975447
0.157184, 0.229028
0.765784, 0.251875
0.891636, 0.364086
0.610035, 0.366315
0.101999, 0.791269
0.630491, 0.314161
0.697992, 0.894488
0.433881, 0.206902
0.429045, 0.037053
0.005614, 0.631797
0.094321, 0.064430
0.803103, 0.567225
0.210744, 0.057957
0.221157, 0.806814
0.279662, 0.917670
0.695071, 0.095489
0.042769, 0.602357
0.957037, 0.430560
0.367908, 0.104958
0.211490, 0.230972
0.655378, 0.491445
0.245041, 0.327843
0.905386, 0.581305
0.736592, 0.979421
0.837239, 0.097745
0.283276, 0.363572
0.700936, 0.365750
0.907844, 0.250941
0.671757, 0.886124
0.063122, 0.811895
0.968488, 0.363620
0.399155, 0.760385
0.085906, 0.017312
0.808687, 0.287842
0.782142, 0.251302
0.516571, 0.490245
0.711555, 0.013918
0.228759, 0.241467
0.843741, 0.423505
0.606483, 0.716045
0.059295, 0.488943
0.581259, 0.014483
0.562957, 0.003024
0.276332, 0.594225
0.004768, 0.936795
0.550195, 0.459409
0.449861, 0.913012
0.427805, 0.312542
0.587498, 0.586810
0.935114, 0.121208
0.820007, 0.011738
0.102548, 0.802948
0.122213, 0.319260
0.153056, 0.981424
0.812009, 0.289859
0.140358, 0.016993
0.622680, 0.643875
0.553007, 0.764830
0.717615, 0.130182
0.649897, 0.763706
0.538026, 0.740856
0.542850, 0.808563
0.624292, 0.629930
0.291887, 0.109992
0.801573, 0.564389
0.528824, 0.493766
0.370298, 0.985508
0.374816, 0.343519
0.192163, 0.008666
0.667469, 0.239730
0.812263, 0.939769
0.763144, 0.498110
0.007984, 0.136393
0.430086, 0.060534
0.405268, 0.291780
0.597999, 0.441634
0.052901, 0.469813
0.979686, 0.684183
0.095420, 0.469087
0.830389, 0.526394
0.935285, 0.344216
0.360446, 0.234253
0.524933, 0.162480
0.566897, 0.802022
0.679338, 0.323958
0.499659, 0.474028
0.549705, 0.023258
0.227891, 0.790866
0.648923, 0.680975
0.022189, 0.613143
0.069397, 0.422999
0.518220, 0.825884
0.783892, 0.935801
0.877426, 0.676725
0.170008, 0.275821
0.210425, 0.951028
0.148912, 0.461079
0.778735, 0.437028
0.578957, 0.923147
0.740436, 0.384144
0.794799, 0.147582
0.455411, 0.907584
0.432660, 0.080976
0.615776, 0.542356
0.932339, 0.132724
0.717134, 0.399832
0.356608, 0.849645
0.636269, 0.629957
0.418619, 0.591579
0.330919, 0.142267
0.857942, 0.786092
0.927236, 0.788803
0.555858, 0.590395
0.710571, 0.462078
0.030538, 0.038628
0.785203, 0.811201
0.202730, 0.002610
0.418637, 0.529289
0.572578, 0.544198
0.336103, 0.415299
0.198196, 0.487367
0.480862, 0.663396
0.116632, 0.288147
0.005978, 0.082980
0.097831, 0.530531
0.513138, 0.202514
0.872236, 0.626488
0.804184, 0.460250
0.222650, 0.548203
0.660958, 0.935013
0.580970, 0.670666
0.419093, 0.320129
0.020440, 0.052738
0.351374, 0.093660
0.784033, 0.734822
0.126296, 0.088040
0.739586, 0.881256
0.857442, 0.912259
0.402326, 0.845562
0.509305, 0.929704
0.415398, 0.486665
0.675182, 0.744794
0.629028, 0.314221
0.992760, 0.401528
0.168942, 0.291168
0.713028, 0.747067
0.134672, 0.371628
0.188128, 0.663492
0.818365, 0.102286
0.293781, 0.120838
0.584727, 0.865373
0.051908, 0.254549
0.802725, 0.591370
0.969065, 0.920470
0.469672, 0.019570
0.856334, 0.430505
0.418319, 0.834615
0.146275, 0.422063
0.247580, 0.257128
0.972578, 0.064417
0.367512, 0.916581
0.528034, 0.055102
0.799188, 0.084509
0.466452, 0.109480
0.620063, 0.596203
0.364146, 0.896591
0.195483, 0.039001
0.506616, 0.624420
0.586953, 0.035310
0.516049, 0.727700
0.777776, 0.698478
0.585272, 0.361383
0.606716, 0.589640
0.333765, 0.652898
0.550279, 0.753670
0.551376, 0.916325
0.744264, 0.662355
0.345356, 0.281602
0.885188, 0.142926
0.456337, 0.441905
0.902219, 0.620058
0.758880, 0.472310
0.540254, 0.249479
0.212221, 0.922874
0.244736, 0.771304
0.776836, 0.639248
0.988869, 0.161215
0.062452, 0.013964
0.933835, 0.407624
0.723125, 0.621505
0.062640, 0.992935
0.865020, 0.440285
0.178227, 0.907032
0.982500, 0.114678
0.906464, 0.271122
0.188178, 0.960206
0.594644, 0.900047
0.752518, 0.665012
0.246113, 0.381208
0.218650, 0.890754
0.881665, 0.498205
0.607994, 0.226036
0.968308, 0.077337
0.482333, 0.195500
0.806048, 0.585075
0.877956, 0.277711
0.013298, 0.054634
0.377498, 0.134953
0.501552, 0.169777
0.835095, 0.508066
0.579936, 0.583966
0.520494, 0.479446
0.080270, 0.802994
0.697722, 0.057337
0.643261, 0.209212
0.903955, 0.284531
0.556456, 0.055490
0.444215, 0.324613
0.784575, 0.507026
0.867497, 0.228867
0.082853, 0.059128
0.439980, 0.336972
0.334017, 0.909105
0.880924, 0.514612
0.499519, 0.110378
0.876897, 0.681125
0.825648, 0.586950
0.139933, 0.330314
0.195159, 0.336342
0.025277, 0.997553
0.765024, 0.399140
0.974313, 0.876299
0.280950, 0.423262
0.298316, 0.037151
0.709275, 0.901086
0.068653, 0.952565
0.076871, 0.407540
0.129045, 0.280366
0.659685, 0.417308
0.495539, 0.109170
0.910531, 0.529253
0.659784, 0.118841
0.766769, 0.176194
0.561264, 0.359124
0.228494, 0.148165
0.244096, 0.599551
0.347850, 0.507266
0.464026, 0.453779
0.020112, 0.722249
0.761241, 0.731448
0.217140, 0.100949
0.764632, 0.720720
0.553851, 0.848697
0.743126, 0.354598
0.328314, 0.330832
0.669706, 0.464157
0.426116, 0.367439
0.313762, 0.571825
0.729593, 0.638439
0.127382, 0.927813
0.922585, 0.527158
0.941214, 0.742848
0.831317, 0.980490
0.735519, 0.820314
0.692034, 0.213802
0.002055, 0.040927
0.986027, 0.338669
0.462395, 0.403084
0.732662, 0.241606
0.158321, 0.571996
0.381043, 0.291888
0.179914, 0.140733
0.690928, 0.706603
0.546961, 0.056311
0.243538, 0.651055
0.009309, 0.913945
0.472867, 0.402642
0.781792, 0.072586
0.358123, 0.156337
0.479346, 0.794875
0.167930, 0.299900
0.767952, 0.864636
0.896917, 0.236928
0.497023, 0.385033
0.285304, 0.085902
0.328854, 0.710515
0.562133, 0.833313
0.130778, 0.715678
0.302744, 0.769035
0.645635, 0.854160
0.041149, 0.282034
0.206190, 0.710709
0.527899, 0.344564
0.509116, 0.999531
0.774093, 0.262956
0.714182, 0.212056
0.272143, 0.523144
0.384249, 0.367247
0.033916, 0.809032
0.031724, 0.567566
0.336898, 0.521843
0.287073, 0.313733
0.318972, 0.378569
0.955037, 0.781400
0.812469, 0.917649
0.474165, 0.512858
0.058095, 0.989995
0.545295, 0.226919
0.189366, 0.563494
0.944598, 0.700074
0.628179, 0.419121
0.786830, 0.922077
0.782137, 0.566763
0.754389, 0.979059
0.684257, 0.458910
0.057832, 0.367311
0.465691, 0.330313
0.143452, 0.690856
0.802073, 0.241743
0.413555, 0.945931
0.724130, 0.655986
0.475056, 0.845515
0.433169, 0.624180
0.682020, 0.887012
0.012078, 0.910631
0.987774, 0.116233
0.172456, 0.634231
0.372216, 0.790783
0.428504, 0.254609
0.359938, 0.395994
0.338295, 0.981120
0.394804, 0.716518
0.703054, 0.932820
0.086589, 0.916711
0.865075, 0.627546
0.595322, 0.832929
0.494881, 0.628211
0.668937, 0.930866
0.508291, 0.424458
0.099885, 0.631052
0.003968, 0.877793
0.616305, 0.955648
0.362123, 0.808312
0.473391, 0.699643
0.894959, 0.551160
0.260589, 0.579600
0.689511, 0.560840
0.690223, 0.063064
0.533486, 0.391500
0.383209, 0.831754
0.064738, 0.631317
0.917451, 0.081676
0.535001, 0.619113
0.654563, 0.113271
0.828504, 0.021323
0.110536, 0.914728
0.626097, 0.597429
0.885976, 0.691587
0.855505, 0.732012
0.421534, 0.545753
0.818343, 0.561518
0.094160, 0.757051
0.634513, 0.773878
0.419798, 0.370449
0.894608, 0.409110
0.378160, 0.042062
0.660952, 0.239015
0.125182, 0.347078
0.207892, 0.554109
0.608814, 0.002716
0.141978, 0.435891
0.853743, 0.709354
0.792649, 0.842609
0.930700, 0.562941
0.014054, 0.086606
0.875945, 0.241831
0.788623, 0.531410
0.076592, 0.421143
0.273032, 0.586663
0.887362, 0.117799
0.177168, 0.329033
0.494415, 0.919341
0.616729, 0.327230
0.291880, 0.299669
0.830082, 0.499236
0.286695, 0.474811
0.400005, 0.079907
0.297403, 0.501866
0.870934, 0.027029
0.962511, 0.574227
0.902343, 0.443994
0.824052, 0.716223
0.348888, 0.847190
0.001954, 0.330300
0.907924, 0.356251
0.224872, 0.299865
0.225036, 0.135280
0.233074, 0.600919
0.598206, 0.663171
0.819033, 0.625604
0.671226, 0.661162
0.021336, 0.670792
0.757007, 0.755738
0.237534, 0.294830
0.681386, 0.205011
0.271572, 0.495586
0.288074, 0.266699
0.581405, 0.912899
0.995355, 0.035834
0.242438, 0.508570
0.045170, 0.830324
0.392411, 0.427024
0.335212, 0.452484
0.173359, 0.989751
0.974647, 0.904677
0.436256, 0.026668
0.954101, 0.387176
0.723991, 0.997519
0.570525, 0.656378
0.298284, 0.606434
0.497564, 0.071501
0.226169, 0.862785
0.642071, 0.907871
0.791682, 0.791452
0.177364, 0.764946
0.748360, 0.245625
0.393877, 0.147186
0.178188, 0.525275
0.257815, 0.545903
0.972620, 0.754415
0.818438, 0.600209
0.201288, 0.220266
0.854611, 0.165192
0.884041, 0.127476
0.401229, 0.365445
0.931921, 0.470490
0.046155, 0.962071
0.272712, 0.977216
0.138285, 0.611285
0.426685, 0.327103
0.297382, 0.842752
0.048164, 0.096763
0.866277, 0.835769
0.198536, 0.136246
0.196094, 0.321422
0.366329, 0.329116
0.905094, 0.188854
0.499993, 0.939432
0.501785, 0.623752
0.568991, 0.998776
0.012914, 0.857182
0.418843, 0.436438
0.506966, 0.852915
0.935738, 0.905894
0.653791, 0.511339
0.786340, 0.510697
0.710999, 0.218106
0.248417, 0.882908
0.577726, 0.815627
0.897912, 0.317187
0.806421, 0.325549
0.168087, 0.913682
0.713250, 0.000325
0.046361, 0.932821
0.977774, 0.532019
0.424470, 0.815152
0.372498, 0.496457
0.867569, 0.569341
0.512932, 0.360857
0.817908, 0.481462
0.768789, 0.633060
0.498699, 0.348703
0.726930, 0.980484
0.033811, 0.690606
0.846706, 0.396942
0.548899, 0.640974
0.198292, 0.745417
0.269615, 0.473569
0.424671, 0.254957
0.882506, 0.964718
0.317858, 0.799784
0.674233, 0.045966
0.650024, 0.038764
0.214745, 0.449887
0.150114, 0.743342
0.600007, 0.302187
0.766604, 0.892094
0.519939, 0.863216
0.607018, 0.359990
0.667163, 0.872031
0.194822, 0.280519
0.252206, 0.196108
0.934330, 0.408787
0.640764, 0.739854
0.924243, 0.063713
0.378666, 0.815028
0.510441, 0.477463
0.120161, 0.426202
0.218663, 0.630220
0.225141, 0.174391
0.957695, 0.898442
0.040948, 0.731959
0.633687, 0.094719
0.134361, 0.091956
0.566227, 0.727351
0.989417, 0.044981
0.346807, 0.557790
0.936666, 0.586716
0.030282, 0.784040
0.329506, 0.209242
0.799980, 0.428180
0.233207, 0.279284
0.497049, 0.756095
0.142257, 0.956472
0.654708, 0.807568
0.491654, 0.354790
0.927986, 0.364852
0.977766, 0.900296
0.059612, 0.937831
0.954393, 0.088268
0.772649, 0.593920
0.419639, 0.092879
0.230516, 0.710809
0.359236, 0.932547
0.955020, 0.980187
0.461940, 0.144063
0.343019, 0.240570
0.472618, 0.168643
0.172338, 0.967344
0.698652, 0.903010
0.737577, 0.498178
0.435302, 0.118647
0.506420, 0.321895
0.325623, 0.702339
0.437080, 0.008957
0.920586, 0.921120
0.347499, 0.611673
0.955021, 0.164772
0.976931, 0.612257
0.105000, 0.868978
0.630541, 0.746862
0.242291, 0.572270
0.547623, 0.283719
0.451512, 0.309887
0.384084, 0.583502
0.325601, 0.797676
0.449815, 0.020041
0.305233, 0.109152
0.591558, 0.589515
0.077804, 0.798855
0.861917, 0.786245
0.301617, 0.675108
0.365117, 0.573215
0.170882, 0.675333
0.920159, 0.525440
0.587165, 0.547010
0.431967, 0.474322
0.952905, 0.287442
0.111179, 0.231090
0.852629, 0.545424
0.933192, 0.217483
0.137484, 0.437956
0.977091, 0.081777
0.178716, 0.485118
0.535084, 0.628286
0.305721, 0.616234
0.133071, 0.638470
0.694287, 0.450452
0.852971, 0.411771
0.220663, 0.304860
0.597432, 0.104289
0.047065, 0.633269
0.187545, 0.193451
0.954258, 0.848784
0.434200, 0.646769
0.686834, 0.733286
0.573689, 0.622828
0.826805, 0.886961
0.708198, 0.782628
0.961147, 0.920984
0.141807, 0.539402
0.158909, 0.346495
0.752619, 0.825032
0.023524, 0.362997
0.791651, 0.201195
0.835932, 0.999277
0.749104, 0.393359
0.554157, 0.310007
0.178647, 0.575760
0.684948, 0.581124
0.620325, 0.985469
0.293116, 0.747130
0.012730, 0.693700
0.664195, 0.473426
0.235057, 0.612463
0.386047, 0.606812
0.669663, 0.064686
0.865031, 0.947279
0.925760, 0.495954
0.542378, 0.544211
0.114871, 0.155964
0.326381, 0.970130
0.318659, 0.827831
0.006025, 0.275098
0.139771, 0.933380
0.661698, 0.574917
0.476315, 0.592526
0.338588, 0.476239
0.910591, 0.464892
0.498408, 0.791711
0.352709, 0.451774
0.015060, 0.248291
0.829710, 0.586583
0.729871, 0.141851
0.560821, 0.691886
0.832028, 0.141190
0.709475, 0.631180
0.579828, 0.694592
0.452702, 0.233511
0.128377, 0.742044
0.258537, 0.219071
0.479357, 0.686242
0.512058, 0.703902
0.818490, 0.825519
0.880678, 0.111816
0.756324, 0.701801
0.059326, 0.571680
0.237958, 0.066735
0.786133, 0.128164
0.137342, 0.419104
0.269250, 0.344103
0.801774, 0.316654
0.415426, 0.122573
0.062215, 0.915463
0.500965, 0.826829
0.475045, 0.439971
0.175694, 0.026218
0.810898, 0.536803
0.940567, 0.446184
0.056187, 0.715503
0.489517, 0.950514
0.442949, 0.329307
0.556199, 0.633924
0.272636, 0.799082
0.156242, 0.353127
0.549479, 0.033555
0.365624, 0.274503
0.689044, 0.248947
0.025816, 0.266492
0.817609, 0.641163
0.016304, 0.214841
0.427987, 0.613629
0.985114, 0.588828
0.407421, 0.513928
0.677980, 0.836584
0.703168, 0.082347
0.256762, 0.437650
0.141411, 0.065464
0.247749, 0.690874
0.165114, 0.697896
0.010471, 0.565792
0.506443, 0.005344
0.867642, 0.195612
0.059389, 0.132039
0.286862, 0.839918
0.468203, 0.145742
0.754701, 0.395228
0.197288, 0.023396
0.233793, 0.781535
0.098149, 0.770573
0.343560, 0.782939
0.739046, 0.877835
0.655192, 0.170515
0.012966, 0.567133
0.741520, 0.185523
0.789538, 0.531366
0.872381, 0.711106
0.626521, 0.120239
0.496130, 0.710579
0.806485, 0.175525
0.897902, 0.760451
0.214314, 0.968872
0.675262, 0.756295
0.821154, 0.945271
0.921854, 0.119598
0.790430, 0.225316
0.259693, 0.083711
0.471561, 0.069374
0.110710, 0.887023
0.796994, 0.756798
0.848179, 0.951490
0.848179, 0.583304
0.718654, 0.374640
0.606124, 0.929631
0.675037, 0.313178
0.152136, 0.604624
0.511405, 0.086319
0.834385, 0.915851
0.940219, 0.076972
0.165918, 0.170881
0.502543, 0.758901
0.469738, 0.562361
0.451893, 0.427987
0.536578, 0.639995
0.002344, 0.465715
0.810999, 0.822571
0.581522, 0.213018
0.871432, 0.653149
0.979102, 0.782590
0.219788, 0.750536
0.531439, 0.387809
0.646266, 0.660181
0.732959, 0.016376
0.684982, 0.057601
0.914928, 0.526817
0.926040, 0.007477
0.882233, 0.495954
0.199672, 0.231538
0.648798, 0.395478
0.898086, 0.588356
0.662248, 0.925755
0.950612, 0.218186
0.158468, 0.584974
0.217817, 0.055964
0.536659, 0.801778
0.320174, 0.665597
0.895537, 0.209495
0.166929, 0.598667
0.121282, 0.890098
0.700799, 0.730671
0.167870, 0.666008
0.624100, 0.277935
0.420421, 0.767888
0.121956, 0.448300
0.282170, 0.456522
0.848198, 0.928739
0.375700, 0.426935
0.689588, 0.663004
0.999059, 0.072853
0.073981, 0.622439
0.727384, 0.939649
0.838067, 0.523080
0.300655, 0.943887
0.920301, 0.692175
0.188213, 0.187588
0.394653, 0.537234
0.470652, 0.445353
0.610809, 0.320755
0.929729, 0.652464
0.456438, 0.193726
0.486897, 0.972081
0.007155, 0.691052
0.381102, 0.269667
0.079805, 0.142011
0.726465, 0.072771
0.454693, 0.698887
0.340461, 0.344276
0.782381, 0.936877
0.983244, 0.647259
0.440684, 0.228425
0.398719, 0.529573
0.857486, 0.345087
0.798006, 0.206281
0.064998, 0.990064
0.675904, 0.868065
0.501091, 0.214522
0.100991, 0.193741
0.323320, 0.920826
0.869985, 0.894994
0.751270, 0.905816
0.166980, 0.371473
0.202849, 0.147245
0.618201, 0.804354
0.240149, 0.286503
0.882878, 0.266510
0.590504, 0.510762
0.170891, 0.677407
0.758365, 0.287653
0.327788, 0.680849
0.993626, 0.655613
0.377818, 0.773700
0.632015, 0.023015
0.665591, 0.263714
0.073183, 0.679219
0.987000, 0.884579
0.912111, 0.470655
0.350024, 0.146326
0.989469, 0.345078
0.256038, 0.749204
0.376534, 0.717101
0.642259, 0.639165
0.560313, 0.858156
0.875944, 0.533066
0.344483, 0.763980
0.440979, 0.991736
0.231776, 0.202777
0.207468, 0.369003
0.303433, 0.897160
0.424958, 0.214838
0.861357, 0.043012
0.829926, 0.960713
0.348585, 0.618389
0.508139, 0.965324
0.313700, 0.185574
0.402531, 0.248774
0.434822, 0.139438
0.607210, 0.493373
0.868788, 0.605202
0.838219, 0.139154
0.441157, 0.438741
0.721686, 0.652249
0.442655, 0.032558
0.789976, 0.294232
0.047693, 0.880536
0.326481, 0.970573
0.620583, 0.104615
0.449667, 0.986311
0.425071, 0.396502
0.076995, 0.787085
0.502811, 0.077546
0.659366, 0.013634
0.736423, 0.229904
0.826683, 0.447908
0.362731, 0.102119
0.335182, 0.678897
0.451830, 0.242234
0.957139, 0.566318
0.117597, 0.061581
0.203589, 0.830272
0.475270, 0.782347
0.020673, 0.345008
0.611725, 0.972057
0.850250, 0.964913
0.084073, 0.118105
0.695386, 0.960851
0.712198, 0.945433
0.081351, 0.394980
0.680874, 0.430517
0.052753, 0.012170
0.217068, 0.714751
0.597424, 0.476149
0.358069, 0.370381
0.137697, 0.028499
0.576059, 0.722099
0.979679, 0.898630
0.274761, 0.177422
0.861170, 0.042854
0.423771, 0.768998
0.988830, 0.040684
0.846221, 0.361933
0.205231, 0.226492
0.925382, 0.229299
0.176421, 0.384634
0.745837, 0.948919
0.740619, 0.586184
0.934852, 0.824570
0.808661, 0.995386
0.719566, 0.284731
0.456840, 0.723973
0.965626, 0.961985
0.102744, 0.061442
0.212891, 0.406216
0.904737, 0.659447
0.973836, 0.634718
0.775684, 0.498414
0.810271, 0.972348
0.651573, 0.714500
0.954008, 0.884832
0.905636, 0.615043
0.487096, 0.758374
0.048607, 0.460598
0.347258, 0.828669
0.105733, 0.841712
0.674139, 0.712456
0.311174, 0.728545
0.262004, 0.244742
0.010406, 0.521465
0.134508, 0.574807
0.911259, 0.680751
0.507160, 0.724126
0.074215, 0.763518
0.653103, 0.059333
0.282582, 0.945994
0.437846, 0.383345
0.683181, 0.359276
0.538564, 0.597777
0.838168, 0.816687
0.613590, 0.139768
0.578607, 0.760854
0.937730, 0.646355
0.300431, 0.508646
0.269026, 0.549496
0.593411, 0.122084
0.962586, 0.554899
0.343751, 0.483351
0.597106, 0.207753
0.700953, 0.402035
0.629720, 0.998500
0.549551, 0.832716
0.844793, 0.711777
0.376364, 0.531032
0.612277, 0.971642
0.673875, 0.726351
0.221273, 0.186212
0.270372, 0.639164
0.804406, 0.344849
0.227468, 0.921331
0.618652, 0.370997
0.195631, 0.347306
0.698223, 0.983822
0.368350, 0.334460
0.145163, 0.271756
0.425550, 0.120632
0.573254, 0.431083
0.106900, 0.677035
0.470868, 0.372691
0.305621, 0.684630
0.498394, 0.150111
0.823431, 0.152114
0.985859, 0.411971
0.177245, 0.503620
0.146361, 0.331987
0.098265, 0.214282
0.770963, 0.719622
0.614064, 0.321767
0.420643, 0.264530
0.854318, 0.391914
0.380947, 0.117919
0.970785, 0.766598
0.894959, 0.263944
0.812173, 0.171944
0.440217, 0.384276
0.244511, 0.015018
0.065204, 0.168952
0.257659, 0.947125
0.051025, 0.276639
0.248568, 0.521825
0.413911, 0.397441
0.121930, 0.025804
0.014168, 0.121371
0.098832, 0.810725
0.287195, 0.565602
0.374044, 0.704176
0.862196, 0.963647
0.012561, 0.327848
0.584214, 0.669567
0.726038, 0.401060
0.705111, 0.280346
0.419719, 0.357766
0.259117, 0.829556
0.650510, 0.855159
0.888573, 0.255436
0.386804, 0.002005
0.635498, 0.596511
0.710693, 0.384827
0.464600, 0.617870
0.353182, 0.220063
0.533352, 0.821241
0.203039, 0.210332
0.474774, 0.041974
0.179906, 0.932923
0.208525, 0.086063
0.112289, 0.838629
0.045945, 0.110338
0.511053, 0.189072
0.104668, 0.698938
0.379059, 0.510616
0.298429, 0.839207
0.447546, 0.393015
0.417691, 0.250117
0.479912, 0.710907
0.066716, 0.766371
0.533485, 0.596290
0.472713, 0.731278
0.319942, 0.740095
0.432672, 0.601556
0.054974, 0.850986
0.913522, 0.217167
0.437846, 0.349516
0.071240, 0.439316
0.651450, 0.625755
0.704520, 0.109742
0.523506, 0.438519
0.408646, 0.534421
0.239510, 0.284330
0.945180, 0.944809
0.248068, 0.814225
0.593100, 0.639749
0.249240, 0.626541
0.497002, 0.761166
0.406515, 0.013801
0.278002, 0.906676
0.173043, 0.491829
0.422959, 0.032240
0.372751, 0.189217
0.217641, 0.347969
0.426968, 0.425263
0.239458, 0.160234
0.867177, 0.054518
0.675400, 0.863174
0.524535, 0.406054
0.980785, 0.532759
0.036766, 0.895587
0.644460, 0.826505
0.563067, 0.638574
0.076067, 0.141983
0.847646, 0.642412
0.881005, 0.237241
0.022516, 0.405866
0.038717, 0.766267
0.790175, 0.003848
0.749918, 0.432611
0.876792, 0.985666
0.968393, 0.714304
0.896522, 0.664887
0.882992, 0.363184
0.017588, 0.628914
0.865447, 0.131765
0.070739, 0.546423
0.649629, 0.430766
0.990715, 0.600772
0.757882, 0.870436
0.731348, 0.127514
0.440044, 0.888784
0.044922, 0.284138
0.640800, 0.919858
0.766412, 0.830153
0.760968, 0.805179
0.493231, 0.345662
0.228362, 0.401470
0.801115, 0.466527
0.143850, 0.587798
0.386760, 0.964263
0.518234, 0.125250
0.777843, 0.748789
0.865565, 0.072282
0.501054, 0.122145
0.168545, 0.708851
0.848758, 0.861321
0.481609, 0.172460
0.634914, 0.958308
0.687338, 0.259248
0.580879, 0.095500
0.171810, 0.093237
0.221720, 0.184571
0.434525, 0.616874
0.473658, 0.546960
0.898526, 0.105983
0.253266, 0.564079
0.436337, 0.162261
0.789060, 0.875366
0.377350, 0.886430
0.516083, 0.452326
0.012280, 0.185184
0.694140, 0.126669
0.860314, 0.415054
0.140270, 0.400669
0.214586, 0.816299
0.716121, 0.617882
0.731590, 0.439974
0.460819, 0.822339
0.080169, 0.521281
0.509975, 0.884338
0.915696, 0.502336
0.191448, 0.720963
0.695075, 0.157472
0.938495, 0.689458
0.098193, 0.524209
0.910924, 0.481575
0.071436, 0.593014
0.464880, 0.097020
0.758899, 0.958971
0.861893, 0.724134
0.836924, 0.888494
0.857807, 0.605918
0.017580, 0.504203
0.062212, 0.219538
0.736705, 0.041084
0.209016, 0.347433
0.292161, 0.377076
0.728771, 0.868143
0.947889, 0.291180
0.263381, 0.344998
0.769427, 0.152247
0.013822, 0.740774
0.206486, 0.991544
0.061491, 0.836460
0.688227, 0.162245
0.053813, 0.182243
0.746857, 0.038946
0.894732, 0.658850
0.435173, 0.460362
0.330709, 0.977365
0.053670, 0.868299
0.572857, 0.695646
0.452849, 0.346047
0.345825, 0.579473
0.426348, 0.009309
0.004073, 0.386540
0.960510, 0.452794
0.606151, 0.401433
0.356029, 0.205605
0.087612, 0.299702
0.487288, 0.398531
0.923182, 0.169162
0.715015, 0.096388
0.918813, 0.766547
0.217891, 0.998515
0.024245, 0.337640
0.758723, 0.460568
0.306698, 0.579001
0.150811, 0.040720
0.476328, 0.569428
0.940143, 0.023405
0.604054, 0.749265
0.069025, 0.623726
0.922408, 0.275685
0.536789, 0.825649
0.850005, 0.332082
0.323196, 0.057114
0.630278, 0.219680
0.090152, 0.155182
0.225095, 0.309502
0.427379, 0.324352
0.353878, 0.182809
0.657652, 0.041158
0.818864, 0.538147
0.467225, 0.108189
0.507119, 0.693113
0.877092, 0.310642
0.709929, 0.758979
0.320680, 0.378544
0.650214, 0.816290
0.843615, 0.207756
0.358557, 0.669563
0.691190, 0.542899
0.288505, 0.009213
0.799148, 0.575312
0.311746, 0.058833
0.953408, 0.159184
0.983793, 0.035945
0.634367, 0.598959
0.220806, 0.004359
0.811391, 0.211173
0.778164, 0.946255
0.203138, 0.113819
0.171430, 0.132113
0.769307, 0.946375
0.930316, 0.116631
0.449479, 0.473631
0.326281, 0.938731
0.414635, 0.276419
0.964392, 0.353801
0.347009, 0.982390
0.880062, 0.176283
0.513874, 0.739950
0.031301, 0.060743
0.650904, 0.888489
0.327098, 0.299537
0.920737, 0.028018
0.582555, 0.465205
0.462346, 0.941356
0.041414, 0.975722
0.296865, 0.071968
0.356588, 0.910717
0.605480, 0.510601
0.169315, 0.656799
0.645020, 0.693831
0.677590, 0.210108
0.816864, 0.267650
0.834460, 0.214221
0.654796, 0.819215
0.066835, 0.061525
0.747426, 0.429888
0.655440, 0.636204
0.860815, 0.252694
0.166506, 0.526942
0.776911, 0.567304
0.575862, 0.787487
0.613437, 0.015701
0.976025, 0.573181
0.640843, 0.971622
0.006922, 0.231602
0.861959, 0.246918
0.400880, 0.675426
0.869969, 0.587953
0.282484, 0.115639
0.750320, 0.665166
0.113956, 0.483237
0.042217, 0.508925
0.426658, 0.117509
0.025300, 0.594794
0.729360, 0.549068
0.847150, 0.031333
0.233881, 0.455713
0.257231, 0.553574
0.288750, 0.119283
0.962915, 0.275272
0.661490, 0.961604
0.873192, 0.403087
0.060164, 0.987667
0.745702, 0.365783
0.534804, 0.214156
0.002717, 0.061616
0.649347, 0.411449
0.731689, 0.176990
0.564703, 0.737229
0.135996, 0.779539
0.423581, 0.089811
0.951504, 0.638743
0.677701, 0.259331
0.594580, 0.977212
0.248010, 0.204906
0.057171, 0.605756
0.658530, 0.035891
0.814582, 0.645369
0.534470, 0.525374
0.261569, 0.289253
0.105214, 0.234015
0.442382, 0.308006
0.602819, 0.572360
0.090378, 0.251100
0.696649, 0.379761
0.242828, 0.547773
0.354761, 0.848023
0.946541, 0.960455
0.772680, 0.867898
0.819942, 0.093868
0.260177, 0.126559
0.487209, 0.912903
0.226681, 0.534174
0.150119, 0.472423
0.655952, 0.807711
0.813199, 0.312096
0.710632, 0.290084
0.927836, 0.219397
0.357305, 0.332789
0.470946, 0.313897
0.152696, 0.820130
0.723849, 0.655967
0.581615, 0.663182
0.266954, 0.833019
0.587298, 0.341593
0.955899, 0.226417
0.184748, 0.821375
0.894753, 0.912166
0.297706, 0.426792
0.671917, 0.398530
0.209888, 0.494467
0.374349, 0.653673
0.271102, 0.887856
0.145724, 0.126478
0.748866, 0.700183
0.304178, 0.713647
0.966169, 0.723986
0.285234, 0.876214
0.115984, 0.515390
0.925560, 0.358606
0.393163, 0.131222
0.853161, 0.213359
0.334345, 0.867115
0.999651, 0.084625
0.506491, 0.574705
0.500216, 0.953597
0.934682, 0.386059
0.496897, 0.798970
0.909794, 0.923450
0.610817, 0.875563
0.066686, 0.322613
0.098985, 0.564241
0.873520, 0.647603
0.961287, 0.996235
0.922834, 0.525375
0.513301, 0.905015
0.665005, 0.078215
0.190559, 0.408822
0.474715, 0.482160
0.599877, 0.676984
0.191051, 0.729501
0.083380, 0.683158
0.521861, 0.423525
0.310848, 0.498596
0.953001, 0.683608
0.666010, 0.828591
0.053075, 0.488776
0.442404, 0.745197
0.314323, 0.037881
0.114433, 0.819374
0.920256, 0.954489
0.199245, 0.105669
0.080682, 0.414630
0.475053, 0.682555
0.824731, 0.525521
0.571529, 0.701572
0.392522, 0.533392
0.197897, 0.148368
0.616080, 0.688532
0.524332, 0.768788
0.930142, 0.845699
0.482325, 0.863124
0.903467, 0.127993
0.999596, 0.901656
0.431278, 0.232344
0.435225, 0.164602
0.979466, 0.204710
0.730584, 0.859614
0.521174, 0.763145
0.041724, 0.419936
0.056389, 0.496831
0.868832, 0.936344
0.855167, 0.519214
0.948382, 0.926011
0.815116, 0.403368
0.423605, 0.891406
0.573762, 0.477715
0.058905, 0.372352
0.266421, 0.810211
0.513847, 0.444384
0.070210, 0.459141
0.942339, 0.866512
0.924803, 0.818641
0.432635, 0.331525
0.070588, 0.137068
0.053781, 0.521964
0.294811, 0.536349
0.524134, 0.924877
0.026374, 0.110429
0.767575, 0.608494
0.669872, 0.930950
0.873046, 0.413934
0.819528, 0.038276
0.223022, 0.265087
0.243623, 0.746000
0.806568, 0.549774
0.780070, 0.837046
0.982577, 0.775324
0.533736, 0.479508
0.208842, 0.951698
0.016155, 0.940328
0.502557, 0.405266
0.118245, 0.424958
0.647908, 0.976377
0.056655, 0.621125
0.416340, 0.803848
0.684378, 0.774817
0.315160, 0.149484
0.806236, 0.376624
0.630072, 0.965769
0.389882, 0.786556
0.777295, 0.159841
0.812932, 0.375460
0.230866, 0.756884
0.536853, 0.011165
0.540770, 0.416058
0.848232, 0.967481
0.207510, 0.002093
0.558062, 0.584167
0.428753, 0.165672
0.799649, 0.256013
0.983666, 0.135731
0.315786, 0.579134
0.770576, 0.176790
0.875803, 0.732627
0.763574, 0.414460
0.713132, 0.423702
0.403689, 0.982228
0.123998, 0.974406
0.690257, 0.692661
0.617871, 0.378090
0.488113, 0.686151
0.260301, 0.403708
0.816223, 0.760320
0.098760, 0.076111
0.133393, 0.333217
0.812118, 0.110430
0.886667, 0.243425
0.974374, 0.128691
0.838050, 0.840213
0.573275, 0.736779
0.935175, 0.066850
0.674434, 0.789883
0.741537, 0.490200
0.371592, 0.424535
0.691928, 0.479749
0.413631, 0.685383
0.688688, 0.989151
0.148967, 0.824814
0.804404, 0.643450
0.677961, 0.603547
0.106676, 0.085090
0.353950, 0.170338
0.870582, 0.781838
0.023547, 0.348903
0.694462, 0.749739
0.646819, 0.410198
0.284644, 0.894251
0.187970, 0.658171
0.924749, 0.922651
0.917165, 0.407120
0.895179, 0.030869
0.514098, 0.178774
0.358438, 0.817855
0.613963, 0.197230
0.475886, 0.130607
0.686411, 0.509860
0.771577, 0.792997
0.388157, 0.312324
0.008777, 0.421501
0.779832, 0.305811
0.094816, 0.780977
0.047730, 0.164626
0.779878, 0.383602
0.621053, 0.442261
0.165362, 0.284095
0.825290, 0.494060
0.287439, 0.274365
0.462364, 0.244615
0.291429, 0.930686
0.958145, 0.878013
0.962627, 0.216543
0.967984, 0.779059
0.629192, 0.594265
0.580877, 0.303600
0.702739, 0.848572
0.512882, 0.206079
0.372242, 0.075164
0.930427, 0.802433
0.216897, 0.537466
0.794114, 0.196476
0.753537, 0.344675
0.863670, 0.147881
0.184257, 0.154207
0.754644, 0.409883
0.859854, 0.351693
0.687493, 0.614842
0.224710, 0.411634
0.819675, 0.035777
0.258748, 0.391849
0.301372, 0.802003
0.682083, 0.764833
0.445477, 0.396997
0.437996, 0.039158
0.652454, 0.516610
0.219846, 0.874033
0.980715, 0.615762
0.057560, 0.640158
0.503129, 0.721731
0.229312, 0.629990
0.840279, 0.342180
0.014031, 0.370547
0.511115, 0.546023
0.050343, 0.741880
0.991607, 0.545272
0.317591, 0.854328
0.622032, 0.355995
0.004549, 0.887692
0.753519, 0.366481
0.781457, 0.345447
0.774479, 0.890777
0.240996, 0.427116
0.907540, 0.035689
0.523842, 0.471935
0.917617, 0.459386
0.394406, 0.676933
0.121735, 0.849735
0.282402, 0.542547
0.341242, 0.200486
0.055859, 0.748908
0.687027, 0.213430
0.541196, 0.415906
0.318367, 0.404662
0.056001, 0.950180
0.566036, 0.743070
0.470130, 0.932139
0.060297, 0.899177
0.560743, 0.746152
0.754399, 0.432454
0.676919, 0.907022
0.984209, 0.495244
0.979463, 0.285880
0.954602, 0.881400
0.771534, 0.688616
0.293231, 0.497789
0.685716, 0.489969
0.562307, 0.586759
0.743160, 0.276413
0.869016, 0.277717
0.550428, 0.700955
0.965182, 0.295930
0.149644, 0.002971
0.476826, 0.906677
0.287606, 0.896206
0.154225, 0.422879
0.119452, 0.778061
0.283106, 0.854330
0.612538, 0.463303
0.647597, 0.526652
0.166120, 0.895301
0.685562, 0.748110
0.212497, 0.537938
0.726945, 0.852391
0.815209, 0.401302
0.455742, 0.195496
0.529944, 0.904299
0.986236, 0.934850
0.043756, 0.027303
0.194111, 0.668771
0.358232, 0.457966
0.193079, 0.264410
0.532228, 0.683319
0.097633, 0.452293
0.249806, 0.231295
0.462560, 0.015594
0.728977, 0.514776
0.039843, 0.652256
0.736910, 0.981317
0.743562, 0.838087
0.727190, 0.521652
0.963432, 0.268962
0.364789, 0.340119
0.617600, 0.710246
0.954344, 0.740120
0.585321, 0.331577
0.537390, 0.527745
0.410146, 0.855117
0.674158, 0.986688
0.414239, 0.095408
0.175568, 0.627576
0.614457, 0.718954
0.301048, 0.164838
0.080804, 0.301658
0.187788, 0.424231
0.627905, 0.012230
0.527077, 0.134168
0.980099, 0.499700
0.753326, 0.803948
0.800803, 0.813157
0.261413, 0.142032
0.226749, 0.431838
0.417977, 0.717482
0.797734, 0.733698
0.382277, 0.817683
0.922501, 0.480574
0.002253, 0.705492
0.271379, 0.148083
0.301399, 0.728910
0.736303, 0.178371
0.322089, 0.986432
0.848846, 0.483829
0.340969, 0.501178
0.796880, 0.779925
0.722046, 0.106942
0.430498, 0.575249
0.923094, 0.499276
0.897814, 0.896923
0.421013, 0.154741
0.801278, 0.079473
0.571748, 0.071448
0.015118, 0.195315
0.670411, 0.534011
0.554542, 0.954960
0.727223, 0.356039
0.137321, 0.155076
0.724896, 0.303295
0.328383, 0.002517
0.373089, 0.650638
0.408039, 0.892471
0.625562, 0.075885
0.354463, 0.468812
0.475642, 0.343710
0.581060, 0.044824
0.795643, 0.482709
0.319338, 0.712389
0.235855, 0.408747
0.787916, 0.717782
0.448720, 0.197728
0.538286, 0.932188
0.153838, 0.460900
0.617963, 0.495078
0.809417, 0.525822
0.441638, 0.958554
0.905787, 0.376125
0.510963, 0.510801
0.146613, 0.553182
0.373603, 0.106760
0.033435, 0.472821
0.462157, 0.584160
0.619139, 0.860201
0.703599, 0.093017
0.446010, 0.255973
0.039844, 0.416747
0.933980, 0.796864
0.250078, 0.012992
0.734686, 0.723789
0.715463, 0.852308
0.816986, 0.320638
0.016857, 0.382823
0.299535, 0.236844
0.506165, 0.199002
0.296065, 0.396867
0.241945, 0.242635
0.288979, 0.949719
0.929898, 0.614173
0.796894, 0.961654
0.758869, 0.322554
0.351750, 0.805143
0.272978, 0.551612
0.051120, 0.447262
0.670508, 0.271227
0.201335, 0.090630
0.170175, 0.271322
0.817059, 0.869995
0.335413, 0.946833
0.992932, 0.557624
0.497282, 0.411786
0.412905, 0.480596
0.666642, 0.770600
0.512905, 0.103139
0.576202, 0.624733
0.062431, 0.977133
0.743084, 0.142821
0.180735, 0.013897
0.692519, 0.272400
0.053190, 0.280393
0.733292, 0.921370
0.863476, 0.772969
0.925581, 0.187300
0.707220, 0.871768
0.131802, 0.962717
0.502701, 0.428920
0.291077, 0.494490
0.164249, 0.693652
0.307973, 0.725445
0.553966, 0.527442
0.196113, 0.496332
0.977394, 0.612326
0.367304, 0.936263
0.238752, 0.605503
0.206791, 0.619760
0.521367, 0.443351
0.325270, 0.318523
0.608927, 0.247982
0.128289, 0.426049
0.213178, 0.539459
0.593648, 0.383236
0.423693, 0.706809
0.397438, 0.683076
0.545336, 0.940943
0.779341, 0.282587
0.839043, 0.082613
0.787800, 0.500088
0.931554, 0.088546
0.795712, 0.725953
0.909712, 0.068852
0.427244, 0.524968
0.364954, 0.098856
0.286410, 0.958413
0.903631, 0.258464
0.128029, 0.203998
0.888764, 0.602193
0.361696, 0.801771
0.428879, 0.012998
0.029378, 0.104130
0.879529, 0.142999
0.647274, 0.758065
0.373140, 0.894262
0.552557, 0.297744
0.142807, 0.142732
0.645618, 0.175586
0.655650, 0.658462
0.668454, 0.809921
0.821376, 0.425253
0.409801, 0.477394
0.791654, 0.812838
0.477658, 0.128204
0.115938, 0.304721
0.529819, 0.452332
0.269360, 0.734813
0.103033, 0.774865
0.818318, 0.235979
0.431426, 0.608543
0.739388, 0.353625
0.894803, 0.941670
0.657172, 0.027447
0.987458, 0.589484
0.016728, 0.394472
0.948121, 0.187146
0.456186, 0.616512
0.441659, 0.652443
0.895190, 0.185154
0.933157, 0.196347
0.104782, 0.407420
0.645014, 0.209554
0.774358, 0.025210
0.237668, 0.603117
0.341318, 0.171665
0.604576, 0.431313
0.099041, 0.117561
0.422081, 0.874857
0.348796, 0.510879
0.344789, 0.912593
0.611233, 0.062651
0.987070, 0.259791
0.163061, 0.882227
0.081325, 0.401162
0.414556, 0.915083
0.453632, 0.796733
0.893504, 0.186290
0.707404, 0.588694
0.851221, 0.802768
0.755669, 0.387348
0.756268, 0.917463
0.592625, 0.964288
0.191480, 0.108558
0.945062, 0.930924
0.919949, 0.876843
0.694298, 0.730485
0.135574, 0.214389
0.209252, 0.521631
0.163801, 0.447617
0.981265, 0.781779
0.128193, 0.807924
0.201316, 0.708292
0.348437, 0.432957
0.170234, 0.745636
0.485425, 0.751691
0.682550, 0.816646
0.699031, 0.456407
0.774604, 0.086010
0.334208, 0.514723
0.477538, 0.334114
0.901027, 0.924777
0.465793, 0.269356
0.364289, 0.166703
0.741740, 0.357065
0.008335, 0.553529
0.747070, 0.993147
0.392670, 0.934599
0.541565, 0.100580
0.164039, 0.454673
0.939878, 0.476890
0.740567, 0.321807
0.746947, 0.470722
0.133598, 0.787154
0.482664, 0.815643
0.422857, 0.789794
0.236429, 0.699295
0.650550, 0.969743
0.542210, 0.396026
0.150039, 0.002235
0.414737, 0.041117
0.574713, 0.456430
0.937456, 0.374742
0.142679, 0.631656
0.042859, 0.533778
0.862893, 0.074312
0.375832, 0.219589
0.758370, 0.728572
0.380624, 0.819913
0.352082, 0.923984
0.002085, 0.312977
0.931180, 0.653131
0.641779, 0.031961
0.355163, 0.842431
0.259607, 0.617943
0.423609, 0.569252
0.761566, 0.739437
0.069113, 0.428417
0.064263, 0.406668
0.891037, 0.501268
0.476806, 0.958692
0.795708, 0.630377
0.290718, 0.051492
0.758684, 0.953063
0.718468, 0.225181
0.974723, 0.896807
0.571269, 0.878427
0.911059, 0.089718
0.316756, 0.728230
0.029637, 0.889155
0.407169, 0.083177
0.193911, 0.481644
0.018679, 0.508300
0.025836, 0.757209
0.592457, 0.709652
0.728687, 0.411232
0.818137, 0.716751
0.141315, 0.976993
0.950284, 0.690982
0.039483, 0.741986
0.598493, 0.938113
0.949884, 0.751154
0.381746, 0.953033
0.992496, 0.350166
0.087654, 0.574844
0.516867, 0.971851
0.227207, 0.580426
0.547980, 0.118930
0.125650, 0.294604
0.307309, 0.746150
0.940129, 0.045047
0.324695, 0.494973
0.244708, 0.540012
0.906674, 0.483912
0.073401, 0.497069
0.976864, 0.607669
0.561835, 0.100920
0.554056, 0.548182
0.578168, 0.118461
0.383624, 0.950711
0.983893, 0.749173
0.487875, 0.468085
0.415153, 0.539009
0.650979, 0.626249
0.725179, 0.935874
0.104083, 0.714211
0.478495, 0.314830
0.926255, 0.151537
0.137501, 0.551156
0.926867, 0.036508
0.832067, 0.469385
0.025052, 0.828067
0.852758, 0.746441
0.391853, 0.364674
0.258313, 0.097000
0.870696, 0.673212
0.238017, 0.819208
0.441805, 0.271044
0.119569, 0.028874
0.746193, 0.914369
0.163092, 0.160260
0.934836, 0.995986
0.531896, 0.561604
0.358684, 0.045597
0.080622, 0.263488
0.865102, 0.035784
0.851404, 0.248191
0.716395, 0.446757
0.418649, 0.798136
0.396013, 0.293036
0.473086, 0.751565
0.818092, 0.565156
0.285694, 0.743569
0.705929, 0.789543
0.942138, 0.760592
0.155033, 0.659682
0.488339, 0.586536
0.646369, 0.941694
0.377797, 0.968596
0.025424, 0.107452
0.861303, 0.580939
0.212713, 0.398364
0.209659, 0.114370
0.661366, 0.272946
0.910020, 0.070093
0.827401, 0.441302
0.226513, 0.085697
0.168317, 0.939652
0.765718, 0.871498
0.435641, 0.948018
0.937671, 0.085359
0.277036, 0.304204
0.452995, 0.724102
0.413610, 0.917181
0.246789, 0.859658
0.908042, 0.533023
0.469900, 0.798064
0.289156, 0.556501
0.438203, 0.989430
0.548565, 0.881461
0.680511, 0.267023
0.275006, 0.933128
0.475750, 0.243560
0.442001, 0.375436
0.520008, 0.942864
0.614462, 0.186535
0.614101, 0.994996
0.589862, 0.055576
0.512260, 0.972981
0.739608, 0.303916
0.322589, 0.699269
0.566231, 0.783860
0.099895, 0.600044
0.242016, 0.458070
0.521534, 0.435506
0.144715, 0.612757
0.786882, 0.984264
0.655943, 0.907796
0.131073, 0.509944
0.737899, 0.716868
0.593609, 0.088160
0.054037, 0.460781
0.932489, 0.121950
0.649298, 0.887066
0.824460, 0.623823
0.455543, 0.498994
0.742037, 0.092531
0.137808, 0.587134
0.147894, 0.062684
0.047000, 0.566572
0.897274, 0.655356
0.294665, 0.572913
0.989023, 0.707777
0.215450, 0.520213
0.055886, 0.310265
0.732891, 0.073934
0.234689, 0.828503
0.394138, 0.242070
0.307018, 0.739291
0.089254, 0.537564
0.251044, 0.857904
0.720714, 0.915134
0.595098, 0.785171
0.338716, 0.935644
0.213628, 0.652417
0.507941, 0.861132
0.456170, 0.492363
0.921388, 0.633633
0.749945, 0.814149
0.526893, 0.940913
0.066718, 0.210563
0.681982, 0.822244
0.894542, 0.075638
0.102659, 0.517340
0.604999, 0.760717
0.621768, 0.511588
0.356588, 0.747121
0.022550, 0.980683
0.924864, 0.663542
0.463022, 0.087813
0.099954, 0.226296
0.256798, 0.836503
0.542094, 0.430538
0.025982, 0.432246
0.235786, 0.570592
0.491760, 0.356052
0.933222, 0.917502
0.418301, 0.603033
0.227586, 0.131932
0.475621, 0.789156
0.146865, 0.740549
0.037000, 0.079279
0.408793, 0.253999
0.176602, 0.139608
0.727550, 0.754622
0.382918, 0.567688
0.812854, 0.032003
0.753652, 0.503060
0.952043, 0.594513
0.687673, 0.371706
0.315809, 0.134943
0.339665, 0.967412
0.378176, 0.278373
0.353104, 0.323162
0.091367, 0.690379
0.637170, 0.075704
0.706178, 0.873732
0.203236, 0.276403
0.378482, 0.231689
0.326546, 0.851505
0.952498, 0.226013
0.548723, 0.164942
0.561433, 0.707843
0.286713, 0.386803
0.936140, 0.749547
0.063807, 0.620593
0.562402, 0.555665
0.628348, 0.992401
0.077484, 0.281090
0.475770, 0.155116
0.546553, 0.834596
0.539577, 0.910799
0.509620, 0.995838
0.066887, 0.904353
0.939607, 0.423964
0.944184, 0.591593
0.502173, 0.385942
0.988877, 0.934873
0.757924, 0.282748
0.972314, 0.529360
0.197630, 0.301524
0.389859, 0.113110
0.251078, 0.771843
0.243673, 0.664050
0.660173, 0.054194
0.353805, 0.537005
0.856937, 0.038826
0.963235, 0.343880
0.237002, 0.583064
0.652490, 0.530144
0.469242, 0.465223
0.829443, 0.850718
0.232165, 0.683262
0.309949, 0.198404
0.017682, 0.176272
0.754911, 0.487980
0.892887, 0.296953
0.979428, 0.549086
0.360473, 0.613190
0.399629, 0.231018
0.708398, 0.866850
0.132837, 0.172564
0.489440, 0.167939
0.516667, 0.940009
0.021259, 0.752230
0.062705, 0.486419
0.047589, 0.880492
0.110375, 0.135349
0.951192, 0.707451
0.696631, 0.542082
0.159189, 0.198597
0.407089, 0.335541
0.631408, 0.422968
0.224236, 0.393977
0.572352, 0.800043
0.638331, 0.957586
0.757436, 0.128848
0.536623, 0.031155
0.114104, 0.477427
0.636518, 0.779876
0.448449, 0.260783
0.478319, 0.871444
0.457971, 0.085419
0.243157, 0.967581
0.421092, 0.188611
0.911740, 0.818082
0.204052, 0.550527
0.529555, 0.660542
0.475814, 0.007328
0.594134, 0.878859
0.271601, 0.943363
0.830018, 0.123661
0.295691, 0.390602
0.867041, 0.347762
0.604099, 0.613408
0.587557, 0.459793
0.557757, 0.506794
0.158243, 0.549111
0.186840, 0.386279
0.012090, 0.885133
0.356833, 0.997470
0.296218, 0.144199
0.377003, 0.823495
0.551142, 0.567110
0.941853, 0.018415
0.637093, 0.000439
0.546233, 0.544738
0.173054, 0.024776
0.764691, 0.343153
0.004097, 0.622996
0.035718, 0.612626
0.462682, 0.091699
0.841494, 0.528960
0.439513, 0.148936
0.423770, 0.979972
0.529601, 0.441350
0.426506, 0.145380
0.769134, 0.903859
0.105896, 0.999554
0.728808, 0.674995
0.998396, 0.065240
0.979214, 0.521045
0.187386, 0.996379
0.193928, 0.972088
0.559090, 0.818167
0.405921, 0.623093
0.688381, 0.902448
0.182911, 0.303158
0.245093, 0.006602
0.737290, 0.066060
0.061461, 0.954021
0.236242, 0.205202
0.251325, 0.784319
0.827680, 0.746107
0.021715, 0.451387
0.147637, 0.119575
0.067441, 0.397435
0.324719, 0.968630
0.689322, 0.581124
0.747255, 0.292379
0.026665, 0.787932
0.108767, 0.379911
0.044632, 0.300868
0.497391, 0.237358
0.167115, 0.259666
0.544861, 0.461252
0.695739, 0.286577
0.900689, 0.761284
0.405632, 0.206889
0.547172, 0.585617
0.958565, 0.942299
0.720836, 0.551849
0.024110, 0.905260
0.455958, 0.636775
0.249430, 0.472434
0.015773, 0.328057
0.468320, 0.365364
0.727016, 0.190937
0.790139, 0.016504
0.983393, 0.553113
0.459243, 0.248723
0.433636, 0.260901
0.625555, 0.846413
0.619745, 0.709815
0.416893, 0.846318
0.581053, 0.602687
0.953677, 0.626220
0.189739, 0.138444
0.196650, 0.119599
0.233403, 0.584683
0.768222, 0.734396
0.510348, 0.437153
0.138084, 0.804003
0.453172, 0.619282
0.813697, 0.648598
0.046311, 0.424861
0.426287, 0.574970
0.053151, 0.157025
0.852982, 0.392929
0.818336, 0.666641
0.765698, 0.276458
0.160891, 0.243240
0.247409, 0.047706
0.123803, 0.561611
0.366432, 0.211959
0.595654, 0.637183
0.849335, 0.321723
0.069968, 0.993325
0.243109, 0.498014
0.057865, 0.493680
0.207223, 0.187021
0.919666, 0.542665
0.826182, 0.480228
0.131068, 0.607265
0.083222, 0.576150
0.249513, 0.263230
0.885763, 0.211788
0.096378, 0.218823
0.283242, 0.141937
0.920611, 0.019225
0.767955, 0.994476
0.559434, 0.384730
0.799533, 0.079750
0.861748, 0.385855
0.943675, 0.982187
0.889850, 0.908492
0.265764, 0.012263
0.665104, 0.112215
0.869988, 0.846943
0.473173, 0.834888
0.724600, 0.936725
0.994455, 0.146678
0.163930, 0.507409
0.775332, 0.506610
0.707782, 0.234720
0.805871, 0.224788
0.088839, 0.919907
0.219592, 0.183402
0.628703, 0.744440
0.380926, 0.019650
0.353184, 0.931937
0.876007, 0.223703
0.487486, 0.895444
0.172395, 0.854823
0.221888, 0.198187
0.963377, 0.828785
0.888565, 0.905927
0.462461, 0.979704
0.940163, 0.159048
0.163694, 0.349398
0.370760, 0.042485
0.833417, 0.407425
0.469833, 0.081637
0.749101, 0.154904
0.049857, 0.942380
0.450868, 0.315243
0.538164, 0.163305
0.521341, 0.064923
0.573685, 0.998307
0.159435, 0.007428
0.999193, 0.697655
0.563716, 0.343474
0.389693, 0.805658
0.390960, 0.440653
0.507554, 0.303060
0.805532, 0.255610
0.325034, 0.672288
0.885206, 0.311888
0.504808, 0.213675
0.399060, 0.186564
0.479134, 0.190782
0.223062, 0.708791
0.518270, 0.632955
0.908982, 0.323389
0.428778, 0.873220
0.172244, 0.322593
0.772338, 0.149670
0.314351, 0.899095
0.745685, 0.848440
0.845503, 0.223494
0.112319, 0.216420
0.823039, 0.999294
0.826584, 0.621809
0.671322, 0.198553
0.240761, 0.690653
0.498693, 0.931337
0.035796, 0.897483
0.177123, 0.652076
0.266279, 0.438177
0.700185, 0.155959
0.160311, 0.463176
0.584968, 0.068507
0.564880, 0.999177
0.333569, 0.781415
0.177365, 0.137425
0.219767, 0.037824
0.953798, 0.316732
0.916532, 0.620123
0.334517, 0.779354
0.729972, 0.843420
0.177815, 0.527832
0.455348, 0.807803
0.542231, 0.360944
0.120789, 0.612504
0.708094, 0.816886
0.134328, 0.985121
0.078952, 0.101793
0.599878, 0.028984
0.853507, 0.331747
0.817780, 0.041826
0.608683, 0.666385
0.235552, 0.608860
0.184457, 0.162224
0.364453, 0.423394
0.511064, 0.423854
0.427489, 0.538116
0.269216, 0.381094
0.754499, 0.000164
0.523952, 0.770253
0.189926, 0.073110
0.722745, 0.147622
0.028918, 0.498983
0.698495, 0.513314
0.247367, 0.503462
0.568026, 0.873578
0.041520, 0.497345
0.666715, 0.319720
0.942787, 0.677448
0.909887, 0.451747
0.023370, 0.980031
0.221582, 0.224864
0.958332, 0.089892
0.921337, 0.546948
0.959744, 0.458251
0.209596, 0.205121
0.848522, 0.532549
0.142384, 0.949551
0.779585, 0.651282
0.735859, 0.812608
0.385959, 0.307004
0.091372, 0.991490
0.357452, 0.730613
0.681661, 0.872455
0.719523, 0.000058
0.188804, 0.024779
0.327975, 0.126581
0.534553, 0.242565
0.345083, 0.821622
0.993674, 0.962529
0.712808, 0.897516
0.530925, 0.635885
0.888692, 0.505103
0.752289, 0.882463
0.360082, 0.661377
0.111088, 0.505168
0.702297, 0.770298
0.259605, 0.692930
0.196360, 0.089896
0.686846, 0.990239
0.271937, 0.348785
0.033049, 0.861423
0.291085, 0.965218
0.721582, 0.927763
0.438450, 0.571810
0.798849, 0.205595
0.733538, 0.799040
0.122828, 0.923508
0.430675, 0.520681
0.290865, 0.746771
0.322291, 0.014255
0.947350, 0.487112
0.711152, 0.739660
0.361910, 0.625968
0.067156, 0.689087
0.418721, 0.229347
0.634330, 0.511347
0.407587, 0.082407
0.503643, 0.863739
0.257401, 0.121888
0.917267, 0.694579
0.102611, 0.494530
0.819909, 0.409527
0.323318, 0.819576
0.922835, 0.124814
0.449638, 0.483518
0.796215, 0.460524
0.570940, 0.045182
0.755420, 0.577026
0.140596, 0.079302
0.556876, 0.407702
0.316860, 0.036678
0.169129, 0.291091
0.230510, 0.949082
0.134716, 0.455566
0.819867, 0.056997
0.288491, 0.059682
0.123830, 0.688343
0.848019, 0.741305
0.173532, 0.966301
0.141661, 0.878660
0.873263, 0.174366
0.489985, 0.016422
0.511277, 0.856748
0.006121, 0.159960
0.791098, 0.982252
0.330682, 0.890882
0.523964, 0.749756
0.566886, 0.506984
0.373032, 0.863427
0.931497, 0.639749
0.289961, 0.355769
0.887206, 0.052495
0.534504, 0.286667
0.772092, 0.572328
0.417732, 0.896520
0.191768, 0.359001
0.159518, 0.041608
0.689856, 0.963807
0.500905, 0.989803
0.462401, 0.881651
0.961975, 0.904764
0.131859, 0.549394
0.885857, 0.596732
0.846278, 0.993624
0.659496, 0.368043
0.219303, 0.580959
0.751790, 0.031510
0.876619, 0.574018
0.459755, 0.429761
0.624476, 0.446177
0.503307, 0.033695
0.505895, 0.158243
0.859307, 0.448157
0.260208, 0.850166
0.475492, 0.902963
0.951531, 0.650912
0.754911, 0.057411
0.781819, 0.559629
0.951491, 0.696378
0.354107, 0.601228
0.867366, 0.146159
0.901576, 0.709494
0.492584, 0.488151
0.248064, 0.040877
0.477830, 0.898509
0.515645, 0.672054
0.580768, 0.691913
0.844907, 0.884420
0.476657, 0.897553
0.643544, 0.488609
0.573833, 0.445474
0.128905, 0.892182
0.724718, 0.291388
0.180097, 0.863605
0.972940, 0.058095
0.765298, 0.195642
0.727234, 0.021628
0.459884, 0.721278
0.002701, 0.520248
0.820998, 0.385323
0.620101, 0.114420
0.634198, 0.324789
0.503755, 0.075885
0.297791, 0.161189
0.468721, 0.033962
0.860497, 0.957871
0.137847, 0.857202
0.478045, 0.545524
0.879328, 0.098517
0.304355, 0.168963
0.905405, 0.581907
0.082905, 0.658335
0.922815, 0.958925
0.953919, 0.577858
0.975622, 0.312981
0.243004, 0.055233
0.371065, 0.139628
0.246858, 0.244837
0.829029, 0.280949
0.281664, 0.627831
0.245779, 0.642174
0.509819, 0.602312
0.712576, 0.768642
0.310595, 0.066627
0.679801, 0.611243
0.210379, 0.948970
0.407210, 0.058464
0.638103, 0.886402
0.090950, 0.063155
0.021498, 0.506407
0.307953, 0.442156
0.989791, 0.014107
0.668344, 0.676891
0.698474, 0.038275
0.816478, 0.293067
0.541764, 0.939253
0.171233, 0.647604
0.768391, 0.031918
0.046191, 0.200911
0.766327, 0.426804
0.040323, 0.602639
0.032080, 0.442516
0.839807, 0.169039
0.090195, 0.792564
0.821605, 0.580045
0.878565, 0.999723
0.099426, 0.874204
0.365192, 0.741072
0.902686, 0.069593
0.412019, 0.076809
0.429115, 0.988825
0.151454, 0.765990
0.561613, 0.116291
0.391218, 0.122300
0.089986, 0.565752
0.813135, 0.112993
0.328202, 0.486400
0.981494, 0.654119
0.267769, 0.485533
0.426607, 0.305164
0.657872, 0.895946
0.319185, 0.816229
0.652897, 0.966181
0.501164, 0.230877
0.917962, 0.301743
0.888592, 0.497767
0.333078, 0.135435
0.512226, 0.794196
0.686570, 0.254902
0.711431, 0.014692
0.998379, 0.665533
0.247041, 0.127759
0.363874, 0.316848
0.348783, 0.353921
0.458798, 0.470469
0.962891, 0.368172
0.095965, 0.537838
0.715553, 0.979972
0.474347, 0.465766
0.357790, 0.993900
0.011169, 0.997975
0.707418, 0.204103
0.897629, 0.390735
0.353692, 0.725655
0.768884, 0.410725
0.640282, 0.115954
0.128914, 0.693248
0.692190, 0.989289
0.420898, 0.788928
0.502232, 0.077687
0.883718, 0.476998
0.342724, 0.941184
0.585225, 0.173321
0.017984, 0.780626
0.272884, 0.511266
0.723279, 0.056141
0.932430, 0.423548
0.525843, 0.864397
0.195156, 0.303186
0.733592, 0.277774
0.984457, 0.071676
0.667154, 0.098573
0.042260, 0.232515
0.600852, 0.731397
0.225957, 0.238214
0.888253, 0.126810
0.716480, 0.748893
0.537907, 0.999418
0.528119, 0.610625
0.754922, 0.773488
0.960738, 0.631611
0.213963, 0.959226
0.884991, 0.484345
0.079343, 0.912853
0.001171, 0.311876
0.037790, 0.183585
0.462319, 0.866295
0.859550, 0.900659
0.502211, 0.257578
0.253423, 0.903522
0.958863, 0.640899
0.031381, 0.568306
0.834158, 0.420554
0.848368, 0.533720
0.280236, 0.798601
0.032933, 0.779481
0.653266, 0.746357
0.274301, 0.760406
0.525225, 0.726875
0.181515, 0.549299
0.794313, 0.746515
0.980276, 0.191745
0.284622, 0.563747
0.863100, 0.725947
0.475686, 0.133303
0.758424, 0.570727
0.252550, 0.613807
0.534278, 0.234816
0.816954, 0.517006
0.902158, 0.550559
0.150294, 0.826726
0.536711, 0.885153
0.668950, 0.165685
0.176876, 0.032558
0.962629, 0.338272
0.724084, 0.739191
0.756344, 0.827441
0.603164, 0.066537
0.486644, 0.073822
0.901560, 0.043796
0.132730, 0.615185
0.052499, 0.313700
0.193076, 0.414383
0.077730, 0.724608
0.948192, 0.953897
0.655453, 0.072030
0.400133, 0.925104
0.529072, 0.442677
0.529395, 0.590400
0.022395, 0.864181
0.759824, 0.146294
0.676898, 0.213606
0.772152, 0.665616
0.276693, 0.587867
0.056790, 0.446935
0.776808, 0.589194
0.846510, 0.849341
0.900420, 0.228755
0.319627, 0.940698
0.420649, 0.401573
0.214323, 0.537503
0.392556, 0.135853
0.244718, 0.464463
0.850960, 0.069850
0.959333, 0.111933
0.739691, 0.859402
0.932559, 0.619327
0.087930, 0.469249
0.429749, 0.262627
0.699227, 0.551269
0.936587, 0.874126
0.868851, 0.362749
0.193321, 0.372515
0.895082, 0.927831
0.624512, 0.731449
0.400070, 0.395227
0.304921, 0.964722
0.725894, 0.795372
0.852140, 0.956153
0.921440, 0.650097
0.886622, 0.212339
0.085723, 0.137973
0.949704, 0.866377
0.083279, 0.768450
0.020273, 0.510686
0.897255, 0.767898
0.020689, 0.687060
0.135818, 0.630698
0.952582, 0.112074
0.457505, 0.538490
0.553167, 0.965958
0.931154, 0.600712
0.612687, 0.823079
0.596017, 0.119558
0.343616, 0.052154
0.737707, 0.332463
0.442241, 0.764300
0.645574, 0.335268
0.733257, 0.637079
0.867170, 0.139162
0.537988, 0.192629
0.225393, 0.064538
0.156874, 0.358028
0.113963, 0.924901
0.106837, 0.386013
0.836835, 0.703922
0.004149, 0.464169
0.007187, 0.678795
0.233446, 0.590724
0.271604, 0.193004
0.793486, 0.545067
0.875076, 0.531623
0.960299, 0.031121
0.832451, 0.602290
0.658340, 0.321693
0.721949, 0.374964
0.680279, 0.981919
0.366379, 0.283596
0.146045, 0.499944
0.917667, 0.042842
0.841754, 0.902949
0.110342, 0.582940
0.329145, 0.686655
0.699581, 0.055868
0.966148, 0.636431
0.349455, 0.115931
0.229216, 0.368120
0.486991, 0.927874
0.978025, 0.666733
0.887688, 0.605663
0.553200, 0.951101
0.008092, 0.035060
0.847661, 0.442642
0.331077, 0.283103
0.742231, 0.866348
0.239435, 0.047633
0.546128, 0.762125
0.183423, 0.849982
0.332963, 0.734612
0.157873, 0.923946
0.312869, 0.219598
0.754497, 0.004183
0.631396, 0.595166
0.305019, 0.467139
0.235777, 0.715691
0.880742, 0.527640
0.699209, 0.196812
0.164197, 0.444281
0.143771, 0.029510
0.458476, 0.936718
0.652585, 0.351405
0.349896, 0.268009
0.811878, 0.453410
0.789597, 0.695111
0.273538, 0.349862
0.609722, 0.240672
0.478809, 0.490252
0.739782, 0.989231
0.933743, 0.440682
0.638852, 0.360965
0.677035, 0.613176
0.709197, 0.066095
0.830865, 0.370961
0.706987, 0.693078
0.375371, 0.087861
0.415692, 0.133722
0.537385, 0.989905
0.097805, 0.298330
0.434047, 0.857296
0.490510, 0.824017
0.861929, 0.914850
0.360915, 0.729312
0.372292, 0.489040
0.886488, 0.218168
0.023097, 0.259771
0.376307, 0.086527
0.448407, 0.184993
0.098760, 0.434530
0.135789, 0.426306
0.231311, 0.637533
0.052350, 0.853656
0.197962, 0.779022
0.010035, 0.957264
0.910042, 0.998581
0.410805, 0.244902
0.675932, 0.458013
0.262322, 0.452647
0.795363, 0.878757
0.604769, 0.147239
0.103915, 0.853715
0.739425, 0.548160
0.983328, 0.386621
0.899624, 0.647574
0.603265, 0.362072
0.254728, 0.956230
0.410142, 0.899349
0.387719, 0.453482
0.128652, 0.793152
0.637063, 0.569522
0.791613, 0.494373
0.943445, 0.277971
0.563759, 0.334037
0.092026, 0.626951
0.375102, 0.943525
0.490816, 0.286746
0.629490, 0.074216
0.875816, 0.942202
0.503981, 0.269670
0.583543, 0.607973
0.604670, 0.093470
0.281555, 0.194744
0.994580, 0.865854
0.297618, 0.904551
0.859251, 0.112267
0.938122, 0.283343
0.325647, 0.176942
0.436387, 0.008872
0.200012, 0.704653
0.421475, 0.742082
0.640294, 0.943757
0.048131, 0.620086
0.028765, 0.073641
0.178487, 0.218874
0.560459, 0.009722
0.256144, 0.063873
0.313057, 0.389100
0.763266, 0.016479
0.813848, 0.690004
0.401307, 0.114701
0.369372, 0.688150
0.385990, 0.696017
0.673398, 0.703147
0.497174, 0.880596
0.458836, 0.338049
0.774229, 0.742987
0.209225, 0.665219
0.997542, 0.750409
0.195418, 0.061585
0.346779, 0.295780
0.353079, 0.146451
0.876534, 0.403577
0.766635, 0.524965
0.699984, 0.936696
0.775294, 0.290377
0.021176, 0.882392
0.966756, 0.488209
0.406572, 0.545460
0.574247, 0.995473
0.936475, 0.726764
0.042501, 0.518039
0.126973, 0.215236
0.778305, 0.659303
0.762997, 0.171490
0.351249, 0.263267
0.033157, 0.231145
0.660283, 0.485153
0.606945, 0.406018
0.831737, 0.292689
0.544956, 0.111277
0.864393, 0.351177
0.182737, 0.896711
0.287266, 0.495476
0.378894, 0.710211
0.345699, 0.242032
0.768085, 0.771616
0.481403, 0.044061
0.909516, 0.385027
0.122072, 0.243026
0.471573, 0.267727
0.046185, 0.919532
0.843212, 0.223824
0.838639, 0.096752
0.812733, 0.240750
0.202820, 0.999524
0.204553, 0.336733
0.144742, 0.322233
0.614627, 0.737372
0.294891, 0.708608
0.635111, 0.209436
0.883383, 0.896559
0.208922, 0.630023
0.134063, 0.231178
0.004792, 0.119181
0.093185, 0.499030
0.953468, 0.314145
0.158279, 0.286850
0.335661, 0.613293
0.822840, 0.317796
0.062379, 0.467954
0.402468, 0.468346
0.038274, 0.050196
0.758065, 0.419000
0.748609, 0.874710
0.281747, 0.141886
0.460501, 0.202925
0.661055, 0.678413
0.679030, 0.307476
0.187126, 0.910080
0.748861, 0.925143
0.622431, 0.275580
0.742009, 0.476393
0.893706, 0.637316
0.022343, 0.879655
0.125703, 0.750458
0.127491, 0.038436
0.781388, 0.037656
0.858739, 0.329425
0.924212, 0.622556
0.719571, 0.669687
0.868072, 0.825219
0.093468, 0.991093
0.730593, 0.572581
0.801577, 0.200095
0.655362, 0.427079
0.930909, 0.950985
0.718722, 0.186569
0.073645, 0.810746
0.786769, 0.258650
0.368225, 0.643638
0.838169, 0.262534
0.982799, 0.293627
0.518414, 0.561579
0.931696, 0.892805
0.941156, 0.679607
0.365526, 0.373891
0.002230, 0.804139
0.725538, 0.014979
0.722004, 0.829672
0.402859, 0.094622
0.381667, 0.644114
0.793243, 0.985404
0.469093, 0.611513
0.887953, 0.264104
0.699895, 0.454195
0.791398, 0.666593
0.629307, 0.987449
0.806160, 0.965582
0.620504, 0.409867
0.976017, 0.099343
0.184995, 0.102480
0.227611, 0.129533
0.960711, 0.139802
0.501367, 0.856249
0.843417, 0.965922
0.512294, 0.168426
0.037062, 0.938749
0.031300, 0.457720
0.038705, 0.695553
0.827631, 0.673990
0.823635, 0.542922
0.663077, 0.850500
0.746309, 0.324250
0.978555, 0.176983
0.922740, 0.467896
0.163699, 0.948674
0.109952, 0.169130
0.550089, 0.969451
0.348129, 0.908992
0.518732, 0.237192
0.881087, 0.763192
0.362426, 0.989499
0.120692, 0.204171
0.793638, 0.437881
0.670845, 0.349457
0.238505, 0.768554
0.676666, 0.859426
0.307603, 0.237960
0.014492, 0.937609
0.084090, 0.441133
0.088331, 0.136666
0.119864, 0.081057
0.248378, 0.923135
0.280347, 0.817105
0.097223, 0.204114
0.828536, 0.020725
0.199394, 0.268966
0.388924, 0.516460
0.959828, 0.849196
0.681942, 0.636456
0.686924, 0.249616
0.169526, 0.166571
0.105789, 0.753925
0.002443, 0.012200
0.837298, 0.757826
0.909998, 0.661965
0.608610, 0.332804
0.922759, 0.777374
0.210744, 0.173701
0.068899, 0.486584
0.468858, 0.133203
0.434808, 0.210386
0.740842, 0.796355
0.230581, 0.098551
0.709864, 0.798260
0.751022, 0.404644
0.486478, 0.838046
0.372769, 0.377440
0.285932, 0.592266
0.978186, 0.497074
0.196296, 0.980822
0.446635, 0.134034
0.803035, 0.488560
0.103757, 0.959136
0.685651, 0.495657
0.269382, 0.682599
0.052022, 0.819914
0.294701, 0.950342
0.026062, 0.924095
0.729318, 0.475642
0.354323, 0.491427
0.508812, 0.734264
0.547168, 0.322390
0.303433, 0.801185
0.720146, 0.755918
0.418548, 0.157058
0.651177, 0.068145
0.887482, 0.542520
0.819188, 0.551811
0.647354, 0.188476
0.439821, 0.229455
0.938559, 0.000486
0.763830, 0.403529
0.318493, 0.525381
0.153809, 0.496545
0.930176, 0.778226
0.704848, 0.884387
0.916372, 0.257763
0.424780, 0.675913
0.119844, 0.728455
0.239609, 0.641975
0.460371, 0.597256
0.339759, 0.746969
0.629145, 0.963230
0.632778, 0.986057
0.991173, 0.668153
0.318103, 0.481176
0.836317, 0.926209
0.849522, 0.038957
0.369588, 0.360919
0.800961, 0.623692
0.081327, 0.527419
0.401211, 0.448451
0.387886, 0.248212
0.753226, 0.637508
0.683452, 0.340526
0.003621, 0.663157
0.193621, 0.563395
0.977983, 0.010091
0.271356, 0.862594
0.047638, 0.770425
0.025960, 0.241549
0.243471, 0.122523
0.425669, 0.836353
0.882461, 0.896730
0.264515, 0.022996
0.222525, 0.681145
0.634063, 0.634967
0.911307, 0.170560
0.790664, 0.619309
0.244541, 0.711690
0.558833, 0.709297
0.499609, 0.247809
0.661387, 0.941827
0.859919, 0.115933
0.616972, 0.097667
0.695725, 0.399665
0.095588, 0.392675
0.217023, 0.790826
0.872753, 0.998130
0.764137, 0.163004
0.772925, 0.218278
0.251630, 0.310139
0.242804, 0.403236
0.531156, 0.553276
0.445141, 0.925373
0.688886, 0.168602
0.013686, 0.797291
0.543126, 0.839901
0.859886, 0.759530
0.857757, 0.588545
0.671974, 0.916130
0.037123, 0.884154
0.997053, 0.246164
0.317983, 0.889039
0.046832, 0.569379
0.724164, 0.039562
0.617599, 0.794053
0.299531, 0.417536
0.765093, 0.525220
0.384905, 0.614788
0.124875, 0.361352
0.954548, 0.044010
0.018837, 0.457659
0.277848, 0.899027
0.738460, 0.184107
0.421816, 0.217598
0.645467, 0.956289
0.360040, 0.749893
0.980478, 0.567275
0.703700, 0.585741
0.520292, 0.598560
0.320281, 0.743811
0.474438, 0.738238
0.355608, 0.175820
0.261599, 0.084537
0.424823, 0.888909
0.056553, 0.762816
0.987938, 0.139306
0.248235, 0.434174
0.175576, 0.900407
0.199572, 0.523785
0.580537, 0.058391
0.949685, 0.247075
0.780809, 0.038506
0.749110, 0.761892
0.609647, 0.815135
0.568648, 0.024760
0.438353, 0.508783
0.972472, 0.179372
0.987365, 0.023102
0.996117, 0.555430
0.431307, 0.425078
0.919982, 0.605962
0.813592, 0.021506
0.078957, 0.361237
0.036238, 0.334886
0.098815, 0.227416
0.940488, 0.431847
0.199983, 0.208043
0.243887, 0.307246
0.459321, 0.876523
0.349423, 0.277051
0.170536, 0.677691
0.292368, 0.583136
0.693853, 0.386620
0.340433, 0.663118
0.435565, 0.802768
0.012876, 0.788358
0.848098, 0.007611
0.534172, 0.023253
0.591203, 0.763871
0.987886, 0.708933
0.244905, 0.884478
0.686362, 0.924512
0.214842, 0.649374
0.521858, 0.628989
0.720608, 0.598302
0.314752, 0.436944
0.007720, 0.277691
0.424442, 0.231152
0.173860, 0.769773
0.138567, 0.065227
0.249988, 0.082044
0.606176, 0.059438
0.426961, 0.725210
0.330462, 0.242811
0.568296, 0.057727
0.486695, 0.544644
0.399681, 0.225074
0.580975, 0.388561
0.015870, 0.771874
0.215430, 0.592234
0.595592, 0.254988
0.975482, 0.525892
0.465086, 0.435721
0.704813, 0.732737
0.900897, 0.879244
0.683646, 0.464414
0.312553, 0.039375
0.475978, 0.834631
0.695755, 0.156829
0.461375, 0.544074
0.496689, 0.549078
0.316968, 0.379737
0.278110, 0.119932
0.965271, 0.941790
0.827797, 0.166972
0.753436, 0.301109
0.600022, 0.814964
0.879587, 0.540599
0.630649, 0.653368
0.331845, 0.383425
0.316491, 0.406075
0.855675, 0.361292
0.699556, 0.711505
0.715177, 0.225876
0.146789, 0.341165
0.263946, 0.556558
0.565955, 0.434824
0.591132, 0.767559
0.548283, 0.580403
0.758316, 0.967624
0.078480, 0.816726
0.392833, 0.375365
0.702769, 0.887241
0.653165, 0.243394
0.295544, 0.322843
0.832028, 0.494372
0.815297, 0.181931
0.112785, 0.522093
0.690415, 0.525802
0.244794, 0.860736
0.725498, 0.957540
0.153337, 0.675404
0.668796, 0.802489
0.749738, 0.277077
0.831415, 0.758465
0.457304, 0.115109
0.398901, 0.093815
0.218706, 0.950376
0.325830, 0.721450
0.000440, 0.162232
0.954036, 0.726985
0.059977, 0.392361
0.745091, 0.179101
0.491229, 0.978680
0.767674, 0.300260
0.813974, 0.882399
0.830441, 0.325899
0.622834, 0.061378
0.401036, 0.630223
0.561464, 0.492888
0.701848, 0.946721
0.137550, 0.298918
0.623165, 0.761545
0.144261, 0.677145
0.344328, 0.207852
0.703761, 0.590692
0.803511, 0.039255
0.198429, 0.419799
0.406778, 0.510500
0.605389, 0.028537
0.617002, 0.243496
0.999987, 0.949680
0.313304, 0.406814
0.243847, 0.640874
0.061625, 0.786799
0.123110, 0.015211
0.687046, 0.578399
0.452499, 0.699350
0.788505, 0.973848
0.910832, 0.722297
0.086508, 0.877330
0.623601, 0.587977
0.744483, 0.323739
0.758250, 0.934718
0.054386, 0.429669
0.647768, 0.234774
0.127193, 0.954753
0.208230, 0.237016
0.478896, 0.801482
0.665914, 0.105906
0.652639, 0.031619
0.859604, 0.459890
0.267602, 0.227350
0.633716, 0.762327
0.135277, 0.275278
0.087876, 0.768083
0.333744, 0.901392
0.698560, 0.978917
0.380589, 0.535150
0.578430, 0.310775
0.895068, 0.330772
0.388996, 0.426128
0.390165, 0.423900
0.672223, 0.434471
0.085151, 0.751722
0.616695, 0.914118
0.879278, 0.014705
0.523997, 0.458396
0.877230, 0.608053
0.490895, 0.199397
0.106961, 0.601016
0.072978, 0.012380
0.320533, 0.092173
0.945360, 0.353966
0.018592, 0.518824
0.826081, 0.937253
0.089103, 0.748600
0.177830, 0.696958
0.700964, 0.031431
0.453610, 0.747734
0.343129, 0.139983
0.901976, 0.288774
0.149867, 0.276708
0.197466, 0.657823
0.902772, 0.575610
0.411853, 0.987733
0.350166, 0.276867
0.091844, 0.168687
0.734496, 0.902431
0.458850, 0.069204
0.668380, 0.010724
0.996443, 0.219059
0.749894, 0.358568
0.941148, 0.407249
0.557757, 0.548462
0.442164, 0.898118
0.917014, 0.489334
0.405669, 0.218768
0.575856, 0.248902
0.289313, 0.720890
0.684194, 0.125748
0.362532, 0.370133
0.714621, 0.019264
0.198309, 0.466132
0.716381, 0.425550
0.412004, 0.246333
0.042964, 0.637436
0.912882, 0.576724
0.943969, 0.976715
0.183955, 0.182613
0.661839, 0.136737
0.355778, 0.122561
0.924117, 0.963473
0.089809, 0.458615
0.971821, 0.253185
0.536965, 0.325943
0.514585, 0.394821
0.887000, 0.855019
0.253185, 0.935260
0.274329, 0.649465
0.860060, 0.395539
0.055921, 0.772683
0.558484, 0.916172
0.726885, 0.446407
0.690981, 0.559707
0.989381, 0.914284
0.917629, 0.348625
0.740475, 0.173628
0.934871, 0.366721
0.994558, 0.528457
0.855461, 0.502084
0.005973, 0.166952
0.640163, 0.659805
0.107448, 0.216440
0.221837, 0.522538
0.029988, 0.979062
0.212529, 0.187032
0.719823, 0.301209
0.334201, 0.254770
0.918067, 0.279889
0.963709, 0.204834
0.018682, 0.759123
0.432670, 0.127119
0.970398, 0.319505
0.972836, 0.144023
0.238202, 0.714061
0.447602, 0.098746
0.090014, 0.953510
0.260267, 0.338303
0.724195, 0.494068
0.079684, 0.669402
0.003494, 0.230924
0.273912, 0.815287
0.811061, 0.250489
0.192504, 0.951690
0.294168, 0.544578
0.688056, 0.150011
0.511236, 0.139615
0.517631, 0.805836
0.247820, 0.344008
0.514697, 0.380952
0.017151, 0.066819
0.672194, 0.036947
0.510890, 0.410838
0.527365, 0.988543
0.015683, 0.993202
0.488959, 0.654783
0.561179, 0.696677
0.997454, 0.936188
0.815107, 0.804728
0.658905, 0.196021
0.991051, 0.723506
0.743051, 0.773777
0.284549, 0.743870
0.686308, 0.109020
0.603134, 0.546574
0.490263, 0.803703
0.605943, 0.403746
0.156313, 0.201085
0.318528, 0.279780
0.547045, 0.309377
0.838479, 0.284763
0.315016, 0.148237
0.897503, 0.183571
0.789528, 0.846244
0.295560, 0.913755
0.962041, 0.067474
0.472706, 0.315331
0.960847, 0.595298
0.734251, 0.525624
0.655617, 0.151539
0.894863, 0.742267
0.282470, 0.779098
0.357238, 0.307485
0.230158, 0.366186
0.890979, 0.316807
0.378025, 0.140283
0.627276, 0.205300
0.626339, 0.209944
0.035048, 0.014484
0.509631, 0.482589
0.894144, 0.293023
0.033676, 0.536385
0.531248, 0.834333
0.126721, 0.274364
0.834097, 0.704238
0.345604, 0.438886
0.809650, 0.261775
0.727375, 0.314583
0.701823, 0.126302
0.927054, 0.197899
0.934421, 0.294012
0.032145, 0.461363
0.394891, 0.856986
0.694533, 0.290711
0.824521, 0.027916
0.470385, 0.422982
0.330707, 0.423612
0.508697, 0.463717
0.286914, 0.810421
0.979078, 0.611390
0.135966, 0.764696
0.879438, 0.867180
0.862268, 0.951412
0.114165, 0.058229
0.148608, 0.974089
0.983453, 0.252497
0.483154, 0.999116
0.474372, 0.393345
0.732266, 0.607619
0.994329, 0.231968
0.944756, 0.577993
0.437538, 0.885806
0.403223, 0.552226
0.725117, 0.601057
0.188071, 0.789127
0.209446, 0.547416
0.769864, 0.457608
0.583411, 0.723163
0.395610, 0.173116
0.185148, 0.298733
0.284630, 0.730362
0.838928, 0.976881
0.899606, 0.235463
0.622794, 0.197581
0.808468, 0.090621
0.203584, 0.265770
0.902712, 0.534466
0.629961, 0.730070
0.987790, 0.691194
0.724073, 0.590617
0.011207, 0.331608
0.462478, 0.164107
0.443920, 0.799211
0.986944, 0.684204
0.580699, 0.804452
0.135760, 0.965416
0.775049, 0.040264
0.636181, 0.708575
0.874328, 0.822024
0.348630, 0.276050
0.370691, 0.205040
0.203281, 0.014798
0.033470, 0.282710
0.719651, 0.455408
0.038633, 0.618470
0.249829, 0.965233
0.860935, 0.014647
0.335953, 0.683753
0.444389, 0.071365
0.822580, 0.818296
0.416679, 0.238606
0.614559, 0.628224
0.363152, 0.314559
0.221036, 0.675729
0.425998, 0.593392
0.476219, 0.171352
0.744251, 0.115549
0.077524, 0.492358
0.500239, 0.723728
0.831731, 0.202079
0.588100, 0.877633
0.749771, 0.148367
0.169996, 0.430649
0.380773, 0.469269
0.635651, 0.821555
0.025988, 0.584057
0.730820, 0.384393
0.723231, 0.497729
0.870351, 0.729641
0.142444, 0.997116
0.901417, 0.399787
0.783027, 0.566717
0.832591, 0.252446
0.113545, 0.102381
0.294352, 0.274144
0.544447, 0.750966
0.746664, 0.777888
0.374413, 0.454107
0.699254, 0.187649
0.100967, 0.024196
0.460211, 0.862890
0.735962, 0.830730
0.178519, 0.666251
0.016584, 0.425126
0.196180, 0.227526
0.652480, 0.682136
0.975511, 0.107055
0.999645, 0.285996
0.117279, 0.311654
0.801702, 0.639421
0.235267, 0.866210
0.889171, 0.523579
0.702924, 0.394063
0.977392, 0.087164
0.537698, 0.909303
0.953688, 0.992697
0.938698, 0.274108
0.294421, 0.798184
0.243296, 0.024244
0.502554, 0.902237
0.318302, 0.515855
0.706343, 0.630814
0.651333, 0.596665
0.809789, 0.293667
0.658005, 0.254721
0.835474, 0.288661
0.970567, 0.947802
0.350401, 0.582051
0.723604, 0.566613
0.115471, 0.142875
0.102442, 0.234892
0.349215, 0.159564
0.669869, 0.399567
0.246409, 0.116911
0.236796, 0.914060
0.642200, 0.061509
0.292502, 0.067895
0.962360, 0.633799
0.260059, 0.765711
0.850300, 0.694833
0.092589, 0.308820
0.111470, 0.625905
0.975960, 0.482421
0.865759, 0.629141
0.153552, 0.901616
0.048538, 0.607202
0.138726, 0.819326
0.650951, 0.450211
0.830602, 0.849254
0.340095, 0.808030
0.298790, 0.307013
0.349707, 0.676013
0.252692, 0.122538
0.781980, 0.372365
0.460992, 0.526914
0.711144, 0.735221
0.636973, 0.966747
0.729420, 0.617584
0.555279, 0.949193
0.825992, 0.008232
0.415743, 0.770777
0.739606, 0.356732
0.719913, 0.333134
0.175425, 0.930678
0.175902, 0.498778
0.526773, 0.283283
0.397174, 0.690041
0.992384, 0.159444
0.410908, 0.684300
0.229779, 0.418412
0.241556, 0.808618
0.935410, 0.801184
0.085223, 0.986927
0.992180, 0.620754
0.840481, 0.342868
0.074972, 0.703334
0.011274, 0.311425
0.854811, 0.158677
0.247494, 0.462476
0.192289, 0.807631
0.038900, 0.489376
0.960862, 0.345040
0.327967, 0.065708
0.390665, 0.566125
0.057310, 0.523322
0.073457, 0.234464
0.917306, 0.554793
0.019316, 0.419699
0.809532, 0.393407
0.405733, 0.383096
0.791651, 0.173823
0.909695, 0.339080
0.519369, 0.426514
0.763417, 0.670874
0.451081, 0.909133
0.924321, 0.428359
0.330850, 0.227907
0.999905, 0.186293
0.715315, 0.952201
0.818111, 0.591001
0.560185, 0.175372
0.783838, 0.173671
0.131917, 0.725034
0.412202, 0.258369
0.760218, 0.475860
0.679184, 0.042915
0.196996, 0.468058
0.080284, 0.180729
0.597377, 0.784623
0.537812, 0.441784
0.388416, 0.390512
0.547427, 0.280777
0.541132, 0.386856
0.204572, 0.390660
0.011490, 0.383335
0.001406, 0.569644
0.365945, 0.941841
0.534874, 0.479807
0.857190, 0.294560
0.516534, 0.125421
0.465722, 0.789584
0.724765, 0.129141
0.672849, 0.767200
0.789987, 0.134166
0.980772, 0.819956
0.953507, 0.910495
0.445361, 0.639646
0.190633, 0.993426
0.737251, 0.904335
0.338656, 0.932385
0.496885, 0.908548
0.120359, 0.478251
0.999124, 0.889746
0.203639, 0.287271
0.393054, 0.254216
0.687902, 0.969708
0.032613, 0.155502
0.657833, 0.561331
0.663668, 0.128500
0.695174, 0.745897
0.483152, 0.732342
0.489142, 0.406719
0.335906, 0.405191
0.936092, 0.335470
0.564837, 0.984078
0.369077, 0.176335
0.280023, 0.592904
0.807905, 0.933641
0.062385, 0.851728
0.370334, 0.621089
0.367559, 0.610471
0.235023, 0.880707
0.145583, 0.660160
0.796868, 0.649665
0.442036, 0.124834
0.905344, 0.203058
0.996240, 0.487236
0.326478, 0.150792
0.102165, 0.451431
0.819084, 0.216700
0.247645, 0.095446
0.465879, 0.878004
0.297548, 0.017090
0.150104, 0.193263
0.236514, 0.426053
0.318283, 0.396908
0.736882, 0.385421
0.419737, 0.088521
0.067449, 0.655734
0.663478, 0.094949
0.108661, 0.844702
0.983118, 0.333408
0.489886, 0.815716
0.350403, 0.253677
0.114378, 0.558271
0.828012, 0.687530
0.587554, 0.973424
0.002230, 0.183511
0.314231, 0.277421
0.686140, 0.155186
0.280421, 0.976614
0.033938, 0.421004
0.785326, 0.616786
0.457010, 0.963877
0.639153, 0.760019
0.982394, 0.988614
0.592376, 0.892230
0.944243, 0.605329
0.012064, 0.214487
0.148931, 0.716960
0.070908, 0.521246
0.904403, 0.939001
0.964570, 0.618623
0.554424, 0.629597
0.922968, 0.985835
0.408323, 0.358107
0.031143, 0.632927
0.206872, 0.390277
0.125316, 0.357909
0.514933, 0.018129
0.279763, 0.856440
0.681472, 0.812714
0.650139, 0.387170
0.257592, 0.127831
0.688871, 0.945878
0.013198, 0.432853
0.998246, 0.151510
0.942912, 0.302778
0.336822, 0.297277
0.901881, 0.143632
0.544778, 0.269896
0.762087, 0.981349
0.403841, 0.290134
0.229787, 0.892250
0.697405, 0.677761
0.714722, 0.903253
0.986471, 0.094043
0.891693, 0.439931
0.867033, 0.964898
0.845161, 0.650548
0.724531, 0.037842
0.937467, 0.184193
0.251005, 0.275848
0.791316, 0.251150
0.240566, 0.541248
0.027144, 0.043608
0.428808, 0.772791
0.645992, 0.844855
0.391801, 0.609000
0.198508, 0.405073
0.770269, 0.660936
0.130717, 0.411852
0.334595, 0.887502
0.947165, 0.133571
0.656266, 0.776414
0.082073, 0.563738
0.401393, 0.283959
0.619126, 0.644442
0.511925, 0.736666
0.250519, 0.397033
0.790180, 0.148020
0.115882, 0.038144
0.652327, 0.653335
0.411722, 0.409200
0.066434, 0.015919
0.911984, 0.297520
0.940710, 0.407655
0.790385, 0.477154
0.477577, 0.917115
0.385118, 0.547564
0.259171, 0.488345
0.796574, 0.898285
0.079931, 0.243433
0.458688, 0.377687
0.791870, 0.391996
0.074549, 0.493967
0.678171, 0.180704
0.556890, 0.226483
0.120733, 0.585965
0.864087, 0.775577
0.577276, 0.702906
0.872291, 0.828991
0.133655, 0.033761
0.674316, 0.173011
0.146984, 0.128804
0.945910, 0.726466
0.745206, 0.282941
0.270037, 0.325698
0.198743, 0.241093
0.559791, 0.838641
0.429828, 0.115496
0.970560, 0.436116
0.175168, 0.968035
0.942085, 0.098493
0.567544, 0.760746
0.261022, 0.685809
0.151989, 0.627603
0.284630, 0.149510
0.602156, 0.670725
0.716226, 0.713901
0.652509, 0.734118
0.573020, 0.105457
0.011954, 0.858078
0.236959, 0.158111
